11
10  21  78  51  58  29  14  71  71  95  44  
57  85  13  14  58  71  10  44  16  47  72  
63  94  87  57  18  69  47  73  92  79  33  
14  76  39  67  78  100  43  32  99  75  78  
69  16  67  90  34  49  79  53  31  35  42  
25  54  91  92  15  92  55  56  39  99  54  
34  18  96  16  55  44  35  93  58  52  95  
14  79  80  85  21  11  72  89  67  76  76  
100  90  31  37  41  56  63  86  47  86  34  
47  58  52  36  26  23  62  83  13  58  55  
96  78  60  91  66  86  24  29  75  21  18  
