110
7  90  28  11  75  95  88  44  99  8  5  34  94  33  84  24  26  31  1  99  80  52  7  91  30  44  92  31  41  51  59  41  100  19  39  29  42  18  1  40  60  22  90  4  61  23  98  19  87  90  8  85  51  73  45  58  76  53  99  25  56  59  32  34  45  55  14  2  20  8  33  30  54  92  24  94  53  25  38  65  52  30  41  74  32  74  40  50  34  2  1  49  39  25  46  47  89  40  17  59  93  41  56  41  2  98  81  79  33  43  
48  38  31  27  95  92  74  64  93  5  21  72  58  33  72  48  81  11  8  16  30  73  2  17  63  17  33  33  89  54  57  22  86  98  24  66  12  15  8  76  95  14  60  17  28  11  19  14  98  2  6  77  66  79  15  78  70  15  9  5  72  91  23  2  98  25  27  68  30  32  72  98  32  33  7  8  35  39  42  92  33  14  99  43  80  45  71  87  48  38  35  17  61  78  44  46  23  84  37  8  44  3  17  61  50  46  28  24  24  91  
93  49  9  49  57  77  60  82  66  75  18  43  70  42  51  92  56  77  3  60  75  68  36  53  53  41  65  32  94  67  5  7  37  16  56  97  66  47  97  50  26  85  86  48  39  22  32  78  31  90  27  64  44  39  89  85  3  78  30  75  92  66  82  65  13  20  27  16  34  64  5  31  3  8  68  11  2  81  38  65  17  96  37  81  20  34  94  97  75  48  36  4  49  66  79  47  44  7  47  31  86  3  49  59  32  32  90  50  51  6  
90  100  75  9  70  3  28  70  8  88  63  78  29  53  75  36  46  40  43  73  14  29  96  64  27  24  70  61  23  75  45  50  64  40  40  15  88  83  15  46  94  53  78  23  68  49  81  2  2  72  42  57  7  37  91  51  42  45  37  41  72  96  50  75  68  95  11  11  23  68  61  68  24  67  31  29  53  11  17  94  29  75  51  15  83  17  35  96  83  63  29  99  57  23  87  58  43  98  97  82  49  95  94  99  56  62  74  74  26  64  
54  61  47  20  41  49  84  15  41  64  44  70  10  76  52  15  22  26  5  26  13  8  79  54  44  27  100  77  93  76  99  8  42  8  79  64  36  14  90  54  93  39  58  32  5  21  91  96  61  85  22  21  60  83  49  15  78  43  5  13  12  33  8  82  44  22  38  11  36  23  5  80  75  95  13  88  25  54  74  97  25  19  37  48  87  78  77  20  9  69  5  10  74  92  96  6  43  5  79  9  99  24  31  94  100  40  87  60  11  56  
41  33  68  71  88  43  21  32  60  58  33  96  60  5  67  13  64  37  22  70  33  62  47  96  5  64  23  15  34  56  38  6  32  55  33  93  75  42  77  36  48  71  81  24  25  11  71  68  79  44  18  42  85  66  68  92  79  19  84  77  31  24  20  26  3  26  13  5  43  70  99  15  52  46  57  38  90  75  16  94  62  56  12  22  92  66  66  45  87  87  98  78  61  90  25  25  22  11  6  97  77  54  76  77  45  42  61  92  8  79  
21  42  1  34  69  7  89  27  80  44  86  27  84  29  95  95  39  3  29  55  22  44  82  51  73  55  2  16  98  79  7  71  64  66  29  55  52  17  67  13  91  70  17  31  9  66  6  77  81  75  6  63  51  40  60  19  97  95  71  10  98  89  19  61  83  34  76  41  36  25  15  9  29  61  36  15  68  85  57  14  95  68  19  33  12  74  95  43  96  33  4  41  98  17  52  74  88  5  82  51  64  71  35  37  57  39  47  65  81  97  
51  59  51  33  19  59  7  67  35  4  96  26  81  10  89  82  31  10  80  75  11  71  17  71  69  76  48  34  18  45  29  7  98  59  34  44  75  50  21  44  43  61  46  50  49  7  36  7  99  39  23  28  51  71  50  36  47  27  93  61  21  89  52  94  76  71  52  54  43  46  32  73  21  66  2  67  91  42  50  5  55  26  11  56  50  18  53  77  20  6  37  67  5  47  96  82  54  63  17  100  73  87  11  14  72  12  65  23  100  3  
35  61  62  63  36  49  35  79  47  28  68  8  91  60  66  97  59  78  3  33  75  86  84  94  32  78  81  58  78  29  54  41  51  22  32  18  79  63  26  72  61  48  93  52  9  6  89  64  11  66  52  19  47  29  30  89  35  39  12  60  47  17  74  29  74  58  63  82  47  94  63  84  31  26  71  53  50  1  22  85  56  61  33  28  19  78  81  15  48  65  83  30  36  72  1  6  79  18  59  6  11  30  41  52  3  92  3  18  43  100  
64  93  88  22  17  21  6  15  67  10  88  29  100  19  94  43  28  63  72  70  73  18  68  97  81  84  32  36  63  3  72  50  34  3  4  32  63  21  99  71  11  89  57  54  21  68  8  82  26  87  82  79  12  31  91  78  68  80  21  8  84  92  3  75  48  48  72  84  1  29  3  69  17  95  4  69  34  3  21  13  58  18  11  81  50  59  94  45  58  100  42  18  6  33  98  89  62  41  45  26  89  69  44  72  35  44  92  8  54  46  
18  29  20  73  11  91  71  79  94  4  34  1  84  53  34  77  58  33  93  90  96  65  4  10  13  45  9  31  86  4  99  70  83  93  54  2  9  2  33  31  56  92  14  61  54  15  67  50  88  85  36  51  62  41  61  41  7  45  48  53  16  20  38  97  93  47  92  95  45  91  11  100  92  48  7  91  2  6  23  12  20  56  35  52  46  85  11  99  52  100  88  94  77  20  20  59  32  42  99  90  30  65  87  24  80  96  28  19  52  91  
47  10  72  77  9  48  94  11  1  82  42  68  22  48  19  15  67  3  10  79  6  7  92  81  55  10  87  71  8  7  36  86  59  45  51  47  74  3  50  62  6  42  84  6  71  44  54  25  41  31  100  1  18  87  1  33  25  41  60  49  18  15  54  97  59  70  59  58  12  19  96  67  16  33  90  96  27  67  43  31  10  59  46  84  23  82  57  77  81  36  12  39  46  26  23  56  94  58  96  99  33  91  70  97  20  86  53  59  90  79  
83  14  31  56  11  63  77  86  72  13  48  21  38  99  71  23  98  34  29  21  72  84  1  94  1  2  96  9  13  68  88  65  28  40  76  92  40  7  13  51  11  47  91  44  61  61  64  100  6  92  14  95  37  43  51  31  100  23  78  65  41  97  22  36  90  54  52  82  87  77  90  90  35  3  90  27  72  44  63  59  64  10  88  86  14  96  23  56  84  70  8  68  31  13  13  94  87  38  42  74  76  90  86  60  31  22  78  50  10  25  
1  73  3  52  16  59  62  38  14  39  16  43  13  72  63  69  18  86  60  36  44  43  80  42  72  3  83  41  8  57  30  86  87  69  60  46  70  28  43  39  80  8  23  21  3  78  75  14  16  14  29  89  51  17  18  38  82  43  11  21  90  38  70  63  71  48  75  87  82  47  5  4  71  60  82  92  2  52  8  55  98  17  34  31  37  79  34  45  16  92  58  72  78  85  82  51  36  50  96  20  55  23  85  99  71  90  69  48  99  43  
6  90  15  80  25  57  28  52  95  66  55  51  52  52  37  19  12  44  89  32  8  52  21  78  55  32  50  99  67  75  39  90  44  61  67  91  23  57  37  76  62  71  68  9  51  3  92  19  30  21  75  21  49  34  8  85  72  40  75  55  21  1  59  96  61  28  33  63  12  15  22  19  68  68  8  50  69  53  79  8  57  31  43  79  80  50  55  19  28  42  65  40  100  23  32  94  32  74  8  98  86  86  97  63  35  55  24  64  16  94  
76  32  11  42  97  22  72  37  69  60  48  61  24  80  40  78  28  36  44  50  36  29  2  31  24  20  12  37  70  59  74  16  39  1  70  48  87  73  38  49  22  35  4  46  41  80  57  56  71  11  74  2  37  9  46  75  34  53  75  9  26  46  94  27  17  41  49  84  88  86  20  47  91  98  87  77  22  40  44  19  47  88  42  24  8  3  31  15  43  57  85  7  78  9  26  52  41  50  91  42  43  43  91  18  2  95  75  52  73  55  
61  67  83  91  50  70  35  76  47  74  21  44  84  23  85  24  30  88  79  62  81  34  21  14  86  65  59  20  28  27  39  85  55  77  60  37  68  13  66  62  60  69  69  51  84  6  53  59  64  30  39  97  2  86  3  14  26  27  80  88  6  24  41  52  63  4  75  73  66  13  8  77  70  6  78  11  47  68  39  7  36  77  12  88  14  13  22  64  14  46  71  43  57  80  16  11  76  63  89  63  20  20  64  8  9  5  53  54  51  13  
68  37  37  11  80  88  26  33  45  37  61  80  17  89  82  27  67  38  94  92  74  43  8  46  49  74  85  65  9  55  76  67  38  98  44  1  65  57  19  39  12  63  20  15  26  91  96  26  29  34  88  93  77  37  14  74  40  99  91  13  31  23  73  9  4  45  11  36  37  27  100  82  26  52  39  59  3  67  35  11  22  70  1  29  39  2  84  19  40  29  54  95  77  77  62  82  98  1  69  54  51  8  46  66  76  47  15  56  80  65  
48  38  27  47  32  35  3  3  75  85  94  33  19  12  26  5  90  75  89  78  66  95  16  96  52  7  15  21  35  60  83  61  67  57  15  17  55  87  58  2  85  47  9  25  28  74  53  53  96  97  47  18  27  78  72  19  62  46  5  30  7  61  5  23  2  62  84  80  33  94  14  67  66  52  80  32  83  94  62  9  55  12  50  58  86  84  71  4  58  71  26  8  75  41  62  82  55  46  22  10  76  60  79  63  83  72  31  62  74  37  
76  55  48  53  43  97  54  73  14  95  70  100  91  55  44  80  73  37  51  70  93  35  70  42  61  92  68  65  52  69  4  6  33  16  47  42  50  47  85  12  3  96  65  53  100  70  36  78  30  9  65  79  32  78  76  66  54  42  35  71  9  90  17  47  92  69  37  17  15  5  32  66  97  38  28  92  26  67  74  20  31  57  63  96  16  6  27  26  4  38  14  11  24  28  19  11  92  70  19  12  63  56  50  79  33  14  10  84  85  62  
47  59  13  75  24  64  49  16  89  78  45  65  25  34  4  25  71  11  80  17  38  86  85  61  27  78  31  5  49  42  10  51  33  27  54  90  44  67  15  39  54  29  66  37  77  26  99  72  45  47  96  38  30  25  91  33  67  45  14  20  3  83  71  16  32  97  14  57  98  59  12  26  30  39  31  34  18  20  11  37  82  53  2  49  21  87  72  55  63  58  61  4  7  47  50  12  13  63  83  14  95  97  5  50  91  56  12  39  46  95  
53  61  63  74  16  20  86  53  79  55  19  64  18  79  59  18  94  64  92  87  79  60  88  26  100  50  5  52  14  88  42  98  82  78  29  33  49  29  7  36  7  35  75  74  48  55  28  32  68  66  88  50  6  19  26  54  45  34  75  95  48  34  45  87  89  5  7  80  64  39  46  42  79  69  62  12  63  6  15  6  53  50  100  76  71  89  80  49  16  85  40  69  25  66  50  63  90  44  26  12  30  79  32  8  75  2  64  63  62  100  
76  25  38  64  78  31  73  82  69  64  18  77  25  32  9  80  73  82  51  63  38  54  52  91  83  67  89  55  36  45  90  100  11  84  67  25  67  74  90  40  16  14  89  36  25  12  45  75  78  44  16  40  12  80  93  46  17  30  38  79  15  86  6  90  66  34  59  60  47  65  41  8  8  59  27  37  91  35  60  19  94  85  71  29  91  59  69  88  8  45  64  12  43  82  22  31  66  26  23  51  73  63  54  58  75  87  48  58  27  3  
28  63  35  50  99  34  99  68  22  52  67  66  55  77  52  58  69  43  31  56  50  14  79  63  35  89  71  39  100  70  97  11  75  76  31  73  33  39  68  59  52  99  25  14  82  71  62  7  47  82  24  51  82  57  17  54  52  69  81  61  55  83  88  54  99  35  55  22  80  85  20  26  11  35  25  74  90  50  88  7  74  18  91  73  41  47  16  77  32  28  16  45  5  18  56  66  28  32  64  68  50  97  71  2  59  27  23  45  26  77  
67  51  94  61  25  48  78  82  92  73  60  90  24  41  7  100  87  70  4  8  15  2  79  54  12  87  66  28  68  6  73  78  25  60  84  33  87  56  3  46  43  83  21  52  75  41  7  96  43  96  27  4  45  66  26  11  42  75  68  63  60  75  3  24  80  89  49  77  29  82  35  53  27  15  4  47  13  53  11  48  80  64  15  63  25  82  37  59  2  58  89  100  44  92  39  31  58  12  58  97  21  2  35  70  83  57  67  82  48  33  
30  84  88  93  5  84  22  55  39  27  23  98  86  75  31  75  55  73  34  18  17  42  10  24  75  76  92  86  46  18  81  25  64  9  23  8  17  45  17  38  12  40  78  64  73  15  70  14  48  2  8  81  99  21  52  60  74  82  11  99  89  57  31  17  40  5  42  3  80  75  28  43  51  66  56  19  87  70  56  58  44  11  34  3  21  9  52  54  22  1  53  51  97  91  29  31  14  40  29  84  58  54  75  63  33  9  77  33  100  41  
89  43  90  13  14  86  58  32  35  68  88  94  55  20  31  22  38  62  59  45  67  78  18  44  30  87  33  48  29  88  69  78  52  12  39  50  11  62  48  88  43  7  42  52  1  82  43  41  7  91  76  26  10  100  14  9  66  75  98  32  85  84  45  39  4  89  29  99  30  6  29  6  48  31  77  26  9  44  1  27  25  46  56  67  36  93  58  21  55  21  94  27  34  71  2  83  84  47  57  72  92  98  14  30  24  68  27  87  84  50  
62  29  61  30  99  1  10  76  92  71  98  53  64  71  53  22  83  2  77  86  24  24  18  66  45  71  3  8  58  16  91  96  93  37  38  55  24  38  90  49  29  41  61  52  70  70  38  12  61  28  7  95  67  100  42  74  2  14  17  82  87  19  1  52  93  81  16  56  72  78  70  94  16  53  28  82  63  72  77  16  65  63  17  54  47  74  68  61  66  4  96  23  81  66  19  39  21  71  97  47  68  33  67  87  20  66  4  7  7  89  
28  38  37  96  17  93  77  95  94  65  63  21  55  32  35  37  50  67  37  73  73  7  92  25  8  51  47  2  38  7  59  40  84  26  21  41  93  91  45  6  33  100  84  87  59  87  74  53  61  78  27  56  7  90  71  51  64  8  77  58  99  3  48  100  75  64  98  24  68  70  65  38  75  37  77  86  19  35  86  27  39  43  27  71  91  76  42  75  88  49  95  25  26  29  76  65  9  100  36  35  4  21  74  60  82  40  22  64  10  79  
17  87  84  42  62  21  2  76  2  40  55  87  16  28  72  56  29  41  88  71  2  88  13  96  94  87  40  67  24  81  96  2  76  97  70  53  94  34  69  42  29  64  94  40  44  31  90  76  19  21  3  82  32  28  74  61  59  86  69  49  74  58  23  70  78  95  47  94  21  53  25  33  58  75  97  9  91  50  32  98  98  90  82  99  84  9  1  39  1  99  39  97  28  56  51  7  59  2  81  24  63  41  6  83  49  89  19  38  86  13  
81  43  77  82  52  65  37  7  4  81  99  25  9  45  56  80  99  65  70  90  4  40  1  54  99  29  41  30  56  37  74  17  89  15  19  78  36  70  56  64  24  82  63  36  59  37  46  85  38  90  34  32  63  72  83  57  63  68  69  82  64  78  15  98  59  43  42  40  1  20  21  99  8  65  51  34  79  96  38  14  46  58  20  6  54  5  36  16  72  36  20  87  31  92  90  28  58  53  40  41  19  35  31  90  66  26  29  32  4  1  
45  83  85  50  71  46  71  21  6  20  98  81  78  84  17  61  46  91  74  52  5  11  67  62  94  35  33  56  18  23  53  2  76  91  61  55  82  22  88  90  8  68  28  2  6  91  60  12  17  27  39  61  91  48  84  4  74  20  93  9  74  26  29  38  69  60  6  99  83  57  30  10  74  78  83  60  81  92  4  28  96  48  41  3  56  79  53  70  73  32  41  70  32  2  49  100  85  29  43  15  1  77  90  53  12  30  82  7  91  71  
15  77  24  21  42  54  92  35  29  45  29  5  10  44  21  67  60  9  26  51  3  72  90  45  27  41  16  30  49  71  26  58  11  89  84  22  23  32  72  9  49  96  14  27  92  76  74  45  76  88  58  47  94  48  73  3  78  26  76  67  47  83  30  80  80  60  97  91  33  50  51  80  20  54  50  24  15  20  15  10  29  46  51  18  28  96  59  51  56  55  38  83  18  9  8  19  51  19  11  82  19  53  13  79  49  91  30  63  33  65  
84  3  11  1  59  32  20  36  95  79  29  86  99  99  90  10  97  22  27  53  80  40  59  91  28  50  67  90  4  92  55  2  32  8  4  71  39  79  90  4  75  100  99  52  46  56  15  87  89  53  72  34  59  87  7  1  31  4  54  98  82  37  71  10  95  78  46  60  13  72  20  49  89  24  2  73  25  6  54  16  40  57  13  50  29  17  17  63  62  2  72  67  24  9  44  4  81  81  93  94  92  85  48  73  87  56  8  58  49  89  
35  68  29  53  61  68  3  87  96  47  35  41  2  68  96  44  21  6  86  81  41  39  87  100  45  74  25  80  53  23  59  86  8  80  75  8  59  23  1  77  32  58  74  35  85  39  82  76  44  59  52  9  29  44  30  22  61  78  38  57  66  58  31  90  4  72  40  28  44  67  16  82  82  33  32  3  9  98  77  49  59  31  76  58  98  13  99  72  100  57  26  22  35  32  90  68  69  84  81  6  55  3  8  3  58  89  26  26  16  73  
78  64  83  61  77  2  77  11  39  19  1  56  35  57  29  44  88  26  70  67  23  2  36  80  97  17  64  77  32  27  50  98  32  41  8  99  89  15  44  34  79  15  16  98  37  90  81  49  90  83  15  10  10  24  83  73  46  52  30  7  26  89  24  25  79  26  21  9  49  4  71  99  86  73  39  23  94  76  77  55  32  67  10  77  2  75  29  67  51  96  18  38  92  42  99  27  65  54  63  23  77  47  15  6  28  57  10  34  62  34  
95  68  12  68  80  89  91  16  56  40  49  97  38  57  34  32  75  45  16  56  75  71  27  94  51  38  74  60  18  56  72  38  81  74  15  63  70  93  90  21  39  43  19  58  17  6  14  34  26  15  1  4  18  80  19  41  55  12  82  45  34  18  67  87  42  38  16  33  83  9  21  25  90  32  28  3  23  64  70  79  93  84  61  17  16  20  18  30  86  23  39  19  27  53  12  73  12  33  89  82  52  74  77  11  24  34  3  30  93  1  
65  61  23  5  41  14  89  98  16  5  65  35  79  56  70  19  18  12  10  18  18  100  49  53  49  16  29  66  87  75  9  45  3  57  17  47  68  74  5  53  4  87  44  22  75  86  88  15  23  30  61  69  92  10  42  1  85  97  39  77  98  100  3  22  58  48  87  64  99  14  50  2  17  64  55  63  72  93  72  55  91  26  88  62  19  85  85  27  92  50  58  28  10  47  80  82  25  87  46  54  56  87  91  3  79  6  73  22  18  45  
43  51  63  70  96  48  49  48  14  60  35  25  29  6  83  8  64  37  15  99  98  12  15  65  25  67  7  40  89  37  43  71  67  11  54  56  51  1  53  92  36  24  94  36  47  83  69  87  44  36  95  72  21  8  59  86  22  32  91  27  82  84  16  13  29  22  23  64  85  91  58  20  100  8  32  55  79  18  89  53  77  62  74  63  78  83  84  46  18  91  59  30  55  19  18  6  25  20  75  73  81  100  100  70  43  37  15  9  78  64  
71  100  15  21  6  37  56  48  26  74  46  7  62  51  98  81  78  82  15  48  92  81  73  42  49  5  89  68  73  91  40  34  49  2  69  90  98  84  31  2  85  30  26  4  10  68  86  20  8  58  96  45  42  97  84  23  20  74  31  21  26  89  95  47  94  6  56  75  89  49  53  74  28  52  69  86  4  65  45  27  15  66  41  74  99  59  31  4  76  57  62  17  7  79  66  100  10  34  19  26  45  85  87  1  88  60  99  48  16  10  
69  5  88  22  4  69  16  36  9  46  91  83  71  3  4  86  73  96  30  4  11  68  90  85  76  34  71  17  55  17  27  62  1  68  8  14  59  18  66  77  77  17  17  34  84  91  93  79  49  28  26  12  62  50  11  99  79  5  57  73  23  75  35  61  93  59  75  30  52  27  78  69  85  62  49  79  93  14  12  38  9  82  80  55  68  91  97  47  30  74  77  28  7  49  9  74  81  93  90  56  89  13  73  60  7  24  92  72  83  30  
68  54  97  4  35  8  5  48  36  81  16  25  95  60  73  9  70  17  32  45  22  93  47  24  58  27  57  79  33  46  99  38  63  82  84  53  20  95  5  93  70  79  94  69  38  56  35  70  38  100  23  80  41  50  5  71  91  8  21  76  63  72  97  82  6  8  45  26  41  87  76  59  93  61  20  69  22  90  100  5  21  82  67  55  63  87  26  20  77  19  75  15  49  66  68  26  21  99  6  88  98  36  80  58  100  62  8  3  32  71  
68  20  55  99  3  12  85  55  83  17  8  65  86  61  81  24  23  50  52  7  19  28  35  92  49  81  88  51  52  79  67  80  80  64  58  88  96  23  95  76  89  68  58  15  66  76  3  7  28  54  69  63  99  42  23  37  16  94  13  7  62  52  74  16  61  85  52  29  79  99  16  72  10  39  63  26  22  32  100  86  9  57  49  39  47  73  56  24  68  22  57  85  30  41  56  15  95  45  71  64  99  98  79  25  61  3  77  46  81  77  
84  21  69  76  52  78  25  70  72  27  29  20  60  43  8  59  54  28  13  91  66  63  63  1  16  51  51  7  68  72  73  81  69  59  25  48  83  28  68  57  93  39  37  7  53  19  65  61  57  23  36  33  22  76  71  10  75  70  54  31  2  29  27  35  45  50  30  18  40  52  84  57  68  52  5  6  39  46  69  35  64  92  73  80  64  67  32  44  43  14  67  54  94  61  50  19  19  35  34  13  60  81  51  31  65  30  20  49  21  38  
44  87  94  75  12  7  54  47  46  51  40  18  62  87  38  79  53  47  89  87  86  85  3  28  52  80  57  86  57  63  83  17  66  17  82  65  10  37  11  90  32  23  69  58  4  49  80  18  67  24  43  15  59  10  38  30  45  44  56  12  22  26  27  47  13  84  22  13  46  74  40  47  15  17  28  42  21  71  100  96  67  56  16  66  64  52  65  8  35  60  53  27  80  97  67  80  58  93  73  88  63  61  79  57  23  87  1  73  6  58  
42  46  65  9  27  30  10  56  34  47  89  81  94  63  55  28  47  94  66  82  82  58  59  36  58  100  20  53  75  67  52  14  65  96  93  74  7  71  15  71  91  58  17  80  68  7  87  47  67  41  95  13  86  76  70  98  48  32  34  45  60  3  42  12  59  6  9  45  44  99  28  67  3  76  28  39  89  85  31  73  79  43  91  40  77  37  73  11  26  56  17  13  71  46  40  7  47  1  3  22  21  35  64  55  81  73  48  83  40  84  
75  42  14  97  25  28  10  40  67  35  45  54  89  21  15  39  13  12  52  58  42  20  94  74  85  50  49  96  5  63  84  88  18  65  46  81  82  71  37  80  53  32  21  39  31  83  7  61  60  93  20  80  12  85  69  91  61  15  7  72  37  91  58  37  75  66  8  65  8  74  52  32  10  73  8  1  68  7  44  39  78  85  22  74  60  22  4  58  1  95  20  25  97  73  59  14  70  87  3  36  28  65  67  87  30  73  84  29  51  90  
86  94  66  64  30  80  15  61  4  17  90  62  13  33  54  14  31  23  94  95  13  47  97  19  8  69  89  46  21  85  67  64  62  93  29  22  55  79  29  54  4  70  51  50  76  97  12  19  27  5  92  53  48  16  3  61  37  41  72  46  51  5  37  94  43  91  37  38  85  37  9  77  81  50  1  24  49  2  36  39  79  47  34  82  13  25  49  31  93  2  69  74  76  63  36  5  93  55  50  40  35  42  14  31  18  49  44  1  31  25  
8  9  94  78  3  83  52  52  89  60  8  95  78  4  100  30  12  24  5  34  78  3  32  40  59  77  8  50  70  91  43  93  77  10  14  41  17  80  88  73  77  93  59  81  68  25  1  78  22  74  38  77  100  32  71  92  99  73  54  77  25  96  22  27  60  33  66  39  67  94  67  32  76  90  49  80  7  68  28  84  96  98  15  24  39  11  20  44  93  62  1  40  95  3  28  91  18  67  86  17  45  31  35  100  7  82  81  96  3  19  
84  16  41  20  53  85  79  81  18  24  8  11  54  87  66  44  38  32  50  21  3  64  94  75  22  81  10  22  51  62  39  44  87  18  26  79  27  99  67  19  93  17  3  9  95  39  36  60  53  28  27  14  1  80  60  61  14  39  36  32  68  31  17  53  66  19  77  34  22  96  60  92  65  78  11  43  62  47  73  97  88  20  1  55  86  34  1  89  46  37  88  8  99  52  43  39  32  77  5  58  9  95  85  76  43  43  96  10  40  43  
29  57  51  39  34  74  74  6  16  55  7  50  10  87  42  14  78  49  43  16  60  5  8  59  91  14  10  61  12  52  25  79  87  48  36  47  64  65  43  34  16  41  48  24  37  2  9  5  92  27  76  59  2  71  17  2  37  95  88  11  51  33  35  40  87  17  46  28  76  100  46  84  34  7  1  59  77  80  43  69  50  12  46  69  46  22  36  99  86  66  52  42  20  5  35  30  49  36  39  16  91  56  16  77  99  17  62  75  58  38  
29  52  21  100  57  38  84  71  15  66  29  55  100  23  54  31  69  5  15  80  53  11  66  95  89  8  64  77  17  92  50  14  45  37  70  4  72  25  8  17  80  22  37  54  62  94  42  25  89  78  5  100  53  82  9  10  92  37  46  67  26  68  36  26  78  37  65  16  12  45  22  52  56  34  49  17  83  98  52  95  46  62  84  94  42  36  99  44  19  36  21  62  59  36  94  10  28  21  70  60  40  86  71  60  49  40  71  75  30  39  
60  33  40  19  91  46  23  100  66  5  91  38  65  1  72  39  85  59  79  93  70  87  16  7  13  3  38  99  3  30  72  71  82  7  61  71  97  21  12  78  42  97  24  69  58  79  83  4  32  100  58  16  36  52  64  19  82  5  43  32  16  22  12  42  9  24  24  94  90  10  70  78  28  54  48  99  53  40  46  86  18  64  70  34  15  3  18  72  36  24  6  10  59  6  58  80  1  18  61  83  8  20  39  50  43  22  8  76  84  48  
44  75  27  85  86  53  37  91  65  16  72  58  37  35  64  95  27  26  17  42  47  33  4  33  2  89  17  44  74  24  45  92  95  98  8  23  15  51  52  60  37  68  30  36  14  9  65  96  19  32  11  21  20  88  83  17  71  78  59  42  3  54  69  19  5  27  71  29  61  85  28  21  63  10  96  98  67  97  29  16  11  35  66  31  63  74  51  57  47  34  59  71  14  43  38  84  5  81  42  12  83  96  60  22  6  11  46  86  19  10  
77  75  51  94  27  17  92  67  10  34  52  3  74  8  36  3  53  97  88  46  47  77  89  35  98  79  40  94  21  69  60  81  18  37  11  13  19  53  69  41  18  97  20  79  87  78  61  41  3  72  4  57  50  31  11  28  28  8  30  39  66  79  24  56  68  40  38  20  98  59  54  23  91  66  13  27  89  17  81  73  63  91  18  21  51  40  1  93  86  69  100  25  93  22  57  72  32  94  48  2  12  57  36  19  96  99  21  42  82  24  
90  99  32  25  65  11  60  49  64  96  59  58  3  13  82  89  96  55  89  37  100  72  88  5  52  41  32  31  86  33  76  70  69  17  20  25  31  98  22  96  73  6  29  90  8  4  45  46  96  13  23  6  10  76  50  69  64  1  26  39  63  65  29  29  28  12  66  4  59  59  85  99  58  45  26  92  65  86  87  56  59  7  46  90  69  32  99  9  74  62  17  42  16  92  97  92  31  48  23  80  9  66  81  74  36  24  28  82  22  66  
45  8  23  100  30  5  72  69  61  85  20  37  28  29  16  26  10  47  100  25  55  51  7  70  84  13  35  48  64  67  81  98  57  2  30  92  60  31  26  24  20  44  9  99  48  14  50  52  13  23  20  19  91  27  45  95  72  52  67  94  34  99  78  75  62  39  40  1  54  14  38  78  76  54  50  79  11  53  4  63  37  2  78  99  29  98  17  89  16  54  5  43  56  38  73  14  97  48  88  3  64  56  90  90  21  41  18  96  86  63  
36  32  19  1  66  79  5  50  63  79  91  96  70  58  55  79  13  25  2  70  90  21  59  73  4  15  74  35  24  26  40  86  35  76  61  85  92  55  62  22  51  80  60  15  26  38  49  39  60  46  28  75  85  39  22  8  56  13  21  82  69  31  92  13  8  81  15  5  42  61  100  48  34  11  55  87  17  23  18  95  99  89  38  80  16  59  61  85  67  59  51  69  10  46  23  78  65  47  18  59  15  14  88  22  93  83  88  73  16  86  
98  92  37  55  24  55  82  41  23  71  80  57  17  34  98  66  22  64  68  13  85  65  90  19  54  72  72  51  66  81  37  27  2  31  28  79  84  33  13  52  32  63  10  4  28  59  35  40  54  1  5  49  8  12  55  20  8  73  62  55  80  94  11  54  49  78  83  8  39  100  62  6  8  30  27  18  45  34  39  74  99  85  5  34  5  68  31  98  71  21  96  13  32  24  41  7  2  21  44  43  11  11  74  65  48  32  33  86  30  5  
58  90  78  25  89  87  56  59  63  45  94  57  94  99  3  47  74  34  71  26  57  36  71  80  80  21  95  12  75  31  94  93  23  83  2  71  39  29  75  59  30  64  35  58  81  63  100  22  59  32  51  77  34  17  86  100  54  54  75  12  99  90  99  100  16  20  76  99  70  37  63  32  15  65  86  8  21  6  73  47  64  57  69  18  92  42  52  31  21  15  89  23  97  68  98  71  21  92  14  44  73  71  59  15  93  30  57  87  12  60  
81  22  69  99  53  58  57  12  88  13  70  53  54  77  59  78  65  81  36  94  10  43  39  96  74  53  92  73  13  91  35  16  13  54  45  3  88  5  56  60  21  90  66  73  57  13  42  68  50  62  1  45  56  50  76  69  86  39  81  34  10  34  13  41  2  48  40  60  7  60  67  5  39  98  78  13  34  21  48  92  23  24  94  64  66  64  50  50  85  40  79  57  78  3  77  97  95  17  22  66  44  38  19  98  39  14  74  45  71  72  
11  73  38  94  86  30  100  21  46  67  3  58  89  90  55  84  90  38  86  31  91  7  10  73  13  2  42  85  7  34  55  34  22  51  38  12  48  34  20  20  63  54  52  23  67  54  54  82  13  60  99  78  39  10  6  81  94  5  96  4  49  41  63  93  57  31  62  70  56  45  31  39  42  95  61  69  68  92  82  78  95  82  23  69  79  26  38  59  73  18  39  80  40  72  64  39  10  33  60  70  68  44  3  99  78  26  100  86  32  27  
67  60  8  37  66  69  93  18  19  20  32  54  56  88  83  12  40  43  25  10  56  37  69  19  41  22  26  70  61  97  83  2  60  37  60  5  78  65  30  65  81  26  34  43  55  76  33  59  85  44  90  3  14  63  43  19  35  13  28  13  6  65  69  42  12  8  68  61  48  46  95  73  33  74  3  68  71  19  87  99  53  22  59  58  87  38  35  93  16  89  16  12  31  51  32  20  82  5  15  18  85  45  76  39  37  83  43  58  35  2  
25  44  59  92  45  54  32  39  58  86  48  38  38  83  65  54  99  85  63  93  36  41  22  11  9  67  93  50  42  72  26  59  9  77  93  35  9  15  43  48  53  15  11  75  46  38  92  80  60  67  17  31  20  30  47  95  23  74  67  7  4  88  40  9  78  66  8  96  18  21  86  17  94  58  76  94  78  60  11  83  95  63  49  72  64  100  82  75  19  48  24  30  74  98  87  83  48  44  12  32  83  3  85  94  56  51  69  24  30  73  
28  85  99  35  61  42  33  68  24  56  99  55  9  45  63  45  92  27  44  52  80  54  54  86  37  81  25  77  90  94  6  84  59  93  39  24  9  47  20  36  1  35  12  45  83  25  85  92  44  72  17  59  100  96  74  4  92  88  31  66  55  16  38  34  33  44  32  94  38  44  45  42  55  95  8  48  68  25  11  17  95  65  53  28  61  48  4  96  66  66  6  58  81  91  92  29  63  24  6  84  37  32  4  73  47  39  65  43  61  19  
6  77  34  22  20  12  23  61  53  41  74  31  78  36  37  90  13  81  18  63  17  81  30  51  3  38  97  61  99  32  9  75  40  44  99  43  61  91  48  56  53  39  90  100  71  49  59  70  60  76  7  57  92  47  86  43  99  48  94  36  36  79  39  40  93  36  24  81  45  65  52  37  89  45  73  39  23  21  10  52  30  28  44  31  16  37  82  22  36  69  28  91  56  45  51  44  56  50  24  10  74  39  26  97  97  39  51  81  77  81  
61  3  40  17  52  75  87  49  95  43  77  25  56  90  2  10  4  88  74  87  1  95  59  44  30  64  1  29  68  88  86  69  39  92  98  70  85  53  53  7  53  52  2  73  61  69  53  58  20  96  32  98  61  30  74  8  92  43  88  32  84  79  14  12  77  20  40  59  32  98  99  45  61  21  16  42  91  8  54  36  70  23  7  17  54  4  53  26  55  56  55  4  41  68  17  11  1  25  92  36  24  82  52  31  31  29  67  57  43  91  
18  29  96  45  94  75  23  81  50  27  23  83  100  51  84  85  35  97  81  3  91  19  53  7  61  92  100  7  41  52  31  44  54  76  66  85  23  84  52  30  80  63  21  77  69  39  20  18  99  9  90  59  10  24  67  79  89  8  40  45  20  52  77  33  23  42  29  79  19  24  74  32  13  16  78  31  72  4  25  29  24  1  60  43  54  46  17  78  81  97  8  69  41  53  11  7  49  53  15  60  59  97  47  56  67  14  98  61  27  50  
86  93  61  99  87  67  99  50  56  53  100  76  50  63  78  18  3  38  33  29  43  20  62  93  4  21  36  50  45  30  67  15  37  99  38  54  18  65  17  81  91  41  44  92  73  10  73  61  99  46  75  60  10  59  69  16  17  4  52  51  76  6  77  29  19  58  67  49  54  29  30  78  69  64  83  55  74  70  16  17  87  36  20  75  67  44  81  18  43  99  100  29  91  48  41  29  38  91  44  22  82  32  46  77  88  53  9  24  15  5  
9  69  89  22  83  99  23  75  7  7  47  13  67  31  52  50  6  90  46  25  7  45  9  71  77  63  47  42  59  61  21  73  30  78  7  83  82  17  84  73  2  32  44  42  66  31  74  85  5  19  29  87  98  14  67  31  40  14  72  49  36  16  46  18  12  69  48  33  100  67  34  88  2  8  65  86  13  84  66  45  60  85  97  89  4  37  55  54  36  31  94  69  12  83  99  65  35  16  73  45  80  35  91  53  35  65  99  76  60  56  
78  96  91  20  73  71  62  17  63  22  94  55  43  61  10  25  43  2  84  59  83  53  71  88  84  26  42  99  78  14  49  41  44  13  44  51  65  28  45  34  89  94  74  47  29  21  91  88  75  33  35  6  4  39  42  65  63  76  84  44  8  60  54  35  21  77  14  63  79  78  39  22  18  48  100  40  35  17  36  82  74  70  78  23  18  46  43  80  11  2  77  40  2  24  96  24  95  3  43  57  89  86  23  69  19  45  8  23  16  12  
90  57  47  22  40  23  12  2  77  66  81  16  58  27  93  44  72  88  27  1  16  20  93  5  82  81  20  91  98  32  57  5  96  42  10  45  10  18  57  3  78  91  86  71  30  44  33  75  71  36  67  24  73  23  74  91  87  43  84  60  55  81  71  51  98  35  14  77  6  91  46  28  11  26  58  95  77  44  49  43  2  21  30  42  62  29  21  55  30  33  79  20  41  100  19  90  71  58  41  88  26  27  15  83  71  80  99  39  24  47  
51  35  54  37  57  55  93  58  74  53  11  95  79  87  87  72  32  96  97  74  45  12  31  34  90  13  79  53  31  40  87  90  68  92  19  24  68  95  4  41  61  38  93  68  51  88  88  66  10  99  32  70  53  52  38  72  91  76  81  81  69  30  73  2  32  96  72  30  100  47  30  65  39  9  83  64  3  32  38  100  78  28  46  84  18  19  77  68  18  76  45  80  99  73  78  25  54  5  86  11  21  8  12  96  6  71  34  79  18  68  
91  58  82  91  69  73  70  43  33  6  96  49  38  46  54  28  53  63  98  35  43  27  99  31  90  83  16  8  1  99  67  83  4  80  31  16  83  43  68  11  17  37  46  33  52  99  18  11  65  28  81  99  58  66  16  60  68  92  57  78  36  12  67  44  14  37  37  84  32  62  78  7  94  38  27  94  28  6  68  95  30  85  8  71  42  58  19  15  81  94  61  26  6  43  31  64  46  21  29  13  23  33  66  58  65  54  45  27  64  15  
30  67  47  75  100  44  12  28  4  4  86  93  60  89  3  47  23  13  10  50  87  44  94  95  98  55  98  78  68  96  96  61  74  28  11  4  14  5  76  49  99  90  75  48  14  18  68  44  76  26  48  96  36  11  32  12  75  85  37  64  39  89  63  40  93  5  67  75  5  72  21  27  50  70  25  94  59  41  51  57  68  53  65  13  39  94  54  41  96  36  89  71  22  88  92  22  55  18  30  44  5  83  5  8  71  42  85  95  18  41  
38  72  72  97  39  72  5  32  57  6  84  67  48  38  15  1  24  95  9  23  88  32  66  73  42  26  97  1  69  47  1  26  84  62  35  75  14  73  22  37  83  70  81  96  55  47  97  86  79  34  92  4  67  80  10  31  39  16  39  13  53  64  43  85  49  44  80  9  41  82  79  25  39  68  72  86  17  3  46  70  50  89  59  7  4  19  56  45  52  43  43  53  65  5  48  45  94  16  71  10  68  44  74  7  30  21  72  29  9  11  
34  35  71  88  3  97  53  18  72  49  46  65  45  56  30  17  86  31  83  66  40  20  70  87  58  80  2  42  20  40  49  86  70  70  94  22  56  75  8  64  48  3  14  74  51  80  48  82  39  86  54  70  27  6  67  91  69  51  39  46  40  27  96  75  94  61  71  24  15  72  65  47  45  10  52  84  100  25  75  91  57  46  91  10  55  47  3  5  60  16  50  34  55  1  40  33  75  71  95  97  4  39  13  48  51  88  59  6  33  58  
29  10  8  86  99  79  10  36  8  55  4  37  1  44  100  59  16  5  88  71  43  67  14  69  79  19  7  36  70  46  78  55  61  92  37  55  90  71  12  98  5  32  25  12  48  34  32  75  34  46  1  58  66  42  59  16  70  25  90  84  72  6  21  73  91  47  10  41  13  49  36  54  24  3  95  48  39  55  68  13  43  30  98  99  2  54  48  88  99  100  16  23  75  59  45  59  68  88  6  81  88  35  40  42  47  25  33  90  80  95  
8  55  3  5  92  97  15  68  49  68  52  65  4  72  34  32  2  10  37  5  62  37  20  97  90  26  22  17  44  59  4  72  6  32  78  66  53  5  37  3  97  74  65  99  33  10  31  4  47  6  38  35  96  65  73  74  54  85  52  1  52  64  84  39  34  55  98  54  23  33  9  91  78  14  95  85  100  65  45  51  19  22  2  57  26  13  53  99  27  77  27  72  34  12  29  69  79  39  62  18  52  21  54  23  34  61  96  99  41  41  
71  23  50  15  94  28  72  44  28  4  14  23  3  96  82  90  38  36  81  76  56  91  23  41  51  82  65  50  35  87  3  86  2  69  21  3  32  27  42  81  20  75  81  35  77  42  58  70  84  39  13  16  73  71  34  45  39  80  3  36  68  23  73  8  26  90  100  84  89  87  38  88  64  87  12  52  74  94  94  73  77  51  56  3  57  90  66  50  57  8  52  1  93  55  97  38  68  43  63  24  100  96  77  63  30  90  66  17  92  19  
55  55  48  90  62  27  99  62  73  22  14  71  91  2  5  42  85  76  48  20  26  61  20  21  69  26  89  22  76  67  26  30  58  86  44  97  61  97  41  92  70  18  63  43  62  3  87  14  13  47  62  88  17  10  70  74  78  68  94  45  24  1  21  83  40  87  59  29  24  15  23  21  25  71  26  87  1  23  1  40  97  78  6  46  40  46  45  32  57  80  96  96  19  43  51  94  40  79  82  21  17  48  61  92  91  86  28  84  48  92  
73  54  48  56  6  41  93  31  91  74  50  60  77  95  82  51  79  37  60  58  78  23  26  30  33  12  52  86  32  93  38  57  44  5  55  15  68  79  85  2  99  64  34  8  80  95  63  11  75  61  4  14  97  85  57  31  97  35  95  88  58  2  95  33  69  21  30  77  97  76  23  35  86  6  37  13  12  34  45  36  73  2  78  13  45  39  49  68  72  69  75  8  73  41  45  41  29  50  78  84  74  61  71  57  16  51  69  62  34  93  
17  63  35  61  31  51  71  18  25  35  30  65  22  74  4  38  68  100  76  65  15  99  59  99  1  43  89  52  68  51  54  94  5  71  66  47  19  85  100  65  6  86  79  37  16  32  68  17  69  64  60  89  45  44  42  13  66  83  28  63  25  67  97  21  77  14  65  10  71  76  94  95  88  33  89  54  52  10  57  30  52  90  93  47  1  51  17  99  90  77  33  93  34  93  30  50  29  1  48  79  89  53  18  83  55  30  43  2  29  29  
39  28  19  8  57  90  26  25  97  3  16  57  70  98  99  35  17  25  48  76  45  37  76  32  30  5  10  94  17  75  55  5  63  7  6  57  73  81  22  19  7  79  52  45  20  26  38  19  24  60  71  31  73  57  100  61  11  17  2  12  11  71  67  26  50  77  85  14  59  35  4  24  80  48  15  61  48  30  44  68  56  9  68  59  62  5  24  73  76  11  46  1  38  58  69  67  55  67  58  14  1  6  66  95  23  80  7  59  92  5  
67  24  14  72  93  16  87  78  29  44  81  94  90  9  95  33  48  99  74  96  27  97  69  88  80  37  20  62  45  19  86  61  41  3  37  76  96  98  42  47  41  55  68  75  83  100  39  86  54  6  73  36  21  99  42  53  78  55  4  94  72  75  76  22  19  78  56  44  97  5  31  38  79  30  31  27  34  82  14  47  39  92  21  70  29  47  32  98  17  16  92  31  25  23  70  66  74  42  90  30  3  94  58  94  56  10  94  95  19  20  
12  47  83  97  22  8  74  67  42  45  16  10  19  7  2  71  77  62  80  86  42  50  50  58  98  44  52  40  98  16  41  37  30  74  49  28  19  56  12  25  36  17  35  56  3  13  91  26  33  86  12  28  64  71  83  74  20  28  94  93  9  45  11  82  45  38  57  77  92  82  8  17  29  77  33  92  30  50  83  2  55  15  53  39  62  41  62  65  87  51  92  69  76  88  5  12  52  67  72  98  72  49  89  5  67  21  46  8  44  79  
39  65  44  75  64  41  4  63  64  35  30  52  39  87  49  64  58  48  21  10  17  78  18  90  81  2  86  14  8  40  49  21  56  20  10  47  73  39  25  90  95  55  6  45  30  57  82  28  90  92  13  8  66  3  36  25  21  80  13  66  98  23  83  76  39  48  68  18  19  97  36  31  35  64  94  91  39  87  52  37  44  89  78  86  62  94  90  91  33  46  26  77  48  64  83  69  26  83  4  68  6  43  26  99  81  49  49  35  77  13  
59  70  44  24  69  74  83  23  80  33  46  86  14  80  94  88  85  66  41  21  62  95  37  23  91  13  79  87  77  11  89  66  58  52  51  6  56  45  54  97  33  56  26  1  22  51  57  65  56  86  15  60  85  51  16  17  40  93  14  44  96  39  95  90  63  78  96  44  3  11  90  77  87  48  40  42  41  14  44  63  27  14  98  69  34  58  60  45  75  89  43  38  11  20  89  65  20  39  12  38  66  99  52  55  7  16  42  95  31  56  
34  78  51  35  88  95  49  55  79  82  42  59  29  60  65  15  44  49  44  79  32  73  39  91  95  64  19  23  54  45  89  13  37  48  10  70  68  34  43  76  48  61  40  9  72  90  97  77  63  84  46  70  97  55  64  53  94  31  87  48  24  90  54  91  88  11  48  16  50  61  55  1  65  66  5  50  58  6  73  30  99  55  88  90  35  36  72  28  20  49  4  42  61  84  24  85  17  59  2  96  94  38  66  96  17  57  51  62  77  77  
74  48  61  98  91  52  81  31  53  28  50  56  33  91  50  29  55  88  26  43  3  19  22  50  33  13  30  90  60  93  80  34  55  43  67  69  28  65  83  94  62  17  15  50  52  2  96  10  94  71  60  57  67  66  93  85  20  1  86  42  76  19  71  80  62  48  36  68  65  76  2  56  97  66  10  67  40  98  15  30  10  36  31  78  21  38  99  19  95  84  95  43  87  15  43  17  56  87  77  40  21  40  94  65  35  35  26  61  89  10  
95  22  79  93  88  78  54  64  12  16  89  18  49  87  97  90  67  12  39  6  97  54  11  39  94  64  66  55  73  34  23  61  24  5  72  10  48  72  25  95  20  76  50  7  47  40  47  54  41  90  21  77  61  47  21  65  10  44  52  2  62  63  57  61  84  14  41  78  82  69  34  97  55  29  39  31  78  72  80  71  42  73  70  71  42  65  20  12  41  60  51  1  50  17  49  38  32  70  18  79  38  19  37  17  59  48  75  9  92  26  
56  18  35  80  73  93  63  76  42  58  65  18  70  78  53  98  11  1  5  48  23  29  76  62  31  71  99  37  39  44  31  60  82  19  35  98  39  91  84  54  85  61  46  53  67  16  23  79  61  11  93  45  55  16  87  22  32  52  69  37  55  72  44  11  14  22  37  31  94  12  54  93  31  45  44  40  34  45  9  34  59  21  87  82  44  87  58  16  58  33  76  20  82  70  90  29  91  53  9  37  24  71  56  5  2  71  79  82  52  35  
62  9  18  28  31  42  69  65  90  72  69  85  46  100  74  16  96  71  10  48  19  73  72  40  43  25  42  61  3  52  79  89  27  10  31  99  81  16  12  56  75  24  6  14  1  94  37  68  72  6  24  78  87  60  41  66  37  68  65  17  34  58  72  1  80  91  7  53  15  74  4  82  76  9  65  11  61  11  5  60  88  30  69  7  93  44  88  31  11  96  74  50  61  43  42  91  52  98  95  41  49  43  79  4  19  95  94  17  52  30  
49  61  62  7  27  58  24  45  15  21  93  47  91  15  24  50  17  42  57  15  49  40  99  23  22  87  5  16  12  64  20  41  9  1  83  30  36  49  42  14  38  70  59  59  71  73  99  56  66  61  86  82  80  68  81  47  19  75  75  63  80  92  44  78  95  3  44  59  25  29  9  92  32  40  91  56  59  76  35  43  72  23  92  34  100  91  96  69  7  90  45  39  68  70  33  84  74  59  14  47  4  58  95  36  71  73  94  8  59  3  
34  93  97  81  19  21  87  17  10  46  73  41  35  61  28  30  55  2  50  57  89  76  59  7  43  51  38  87  13  6  81  28  25  59  53  95  99  57  74  50  88  99  30  27  9  81  15  4  36  96  22  56  55  99  85  35  22  15  32  2  35  42  59  30  82  69  20  25  3  78  95  75  31  95  93  19  30  77  89  62  27  60  13  12  49  70  9  10  39  91  93  9  54  88  24  100  89  28  98  37  88  43  53  6  1  67  36  92  33  77  
19  81  61  54  43  91  53  29  57  36  1  54  13  44  6  25  95  54  53  43  7  85  40  73  64  99  64  97  14  55  82  1  52  65  47  30  92  47  10  33  53  66  76  13  11  39  65  69  24  43  95  37  71  90  15  11  50  49  32  12  82  41  13  1  3  19  83  48  77  14  74  99  71  53  25  89  60  27  75  87  31  72  91  46  33  31  33  28  36  97  39  65  57  5  66  80  89  99  70  81  44  30  22  88  88  87  33  71  42  70  
80  40  7  83  89  62  20  14  39  54  6  79  9  10  14  28  33  35  59  25  27  72  82  65  34  86  33  5  38  65  74  93  63  23  10  81  43  34  24  9  78  12  38  41  95  40  24  46  43  84  50  11  19  57  49  34  85  41  8  53  5  60  6  86  40  82  21  96  34  82  45  42  31  31  63  53  63  100  20  32  55  5  59  28  1  83  33  76  9  32  60  32  48  81  56  52  55  30  1  24  4  98  30  55  32  76  38  31  71  10  
86  31  60  75  6  25  92  7  12  4  90  61  1  20  84  90  71  83  71  34  47  46  97  80  64  78  55  44  52  19  73  68  12  54  9  54  8  74  20  2  87  74  55  54  48  61  27  74  70  36  62  18  9  86  1  12  30  95  74  89  37  89  51  22  71  86  38  13  85  79  69  61  27  49  34  68  50  55  95  99  42  45  23  76  49  52  34  27  42  63  75  90  63  89  24  94  34  3  78  26  21  50  65  33  32  100  61  23  27  17  
56  87  56  69  6  21  81  67  11  59  55  30  37  65  66  17  91  29  86  45  65  46  61  48  97  3  54  96  40  56  10  19  94  44  61  11  56  79  66  29  89  34  14  8  26  43  21  17  33  43  46  81  35  80  9  43  91  19  1  1  15  43  8  56  6  97  11  97  50  23  41  4  81  66  36  3  29  29  40  10  65  99  73  61  15  59  42  56  97  40  35  11  88  40  82  37  77  44  96  71  96  65  66  74  21  1  15  21  36  46  
65  99  53  64  42  87  13  88  68  61  33  9  90  73  97  65  97  65  63  73  13  24  31  46  35  55  22  26  29  35  63  81  97  47  54  51  19  69  71  57  96  35  53  19  92  96  56  98  13  41  64  15  52  83  79  61  55  1  69  44  70  38  44  23  31  31  68  78  49  4  7  80  1  79  31  70  33  96  26  41  85  19  20  55  26  88  65  91  84  22  95  78  38  20  81  36  83  3  42  83  79  65  9  44  48  99  39  4  36  43  
15  89  23  40  11  66  44  11  67  2  51  69  34  90  3  33  89  68  61  42  48  43  94  15  38  82  47  27  85  19  66  36  16  84  2  10  64  37  51  95  82  44  57  55  90  90  1  65  12  15  26  74  71  5  15  22  64  46  79  36  28  11  9  71  93  22  7  81  10  35  49  22  63  35  7  38  75  75  54  89  20  47  83  68  25  32  1  80  49  40  48  5  70  28  50  86  10  89  51  76  58  51  70  21  84  89  43  24  83  60  
9  5  17  27  71  16  69  18  53  90  79  37  90  1  26  86  99  35  30  39  36  79  76  7  66  18  43  73  46  100  7  71  34  32  31  82  22  38  5  3  93  82  64  14  37  27  80  90  72  33  10  53  49  78  26  97  41  90  2  42  72  49  87  84  75  63  95  71  24  53  49  92  56  50  60  4  30  85  98  100  60  85  19  92  85  13  3  61  5  59  86  31  1  8  14  36  94  14  10  99  56  62  48  38  14  93  17  48  80  88  
28  96  54  97  56  57  74  81  37  91  84  54  78  48  25  86  23  7  66  97  45  82  78  92  71  91  8  28  59  91  49  62  96  71  6  67  78  70  29  26  80  69  51  65  77  29  57  82  73  19  59  2  97  88  81  92  13  55  5  50  21  41  47  70  1  89  17  70  69  25  73  16  38  94  73  85  15  39  86  50  55  46  95  54  93  45  95  82  57  34  56  95  72  19  30  82  16  7  18  51  8  71  20  93  26  23  35  97  17  58  
78  8  14  23  88  6  46  43  92  99  33  86  33  11  68  92  20  33  90  89  81  56  61  18  29  17  71  14  38  15  76  75  42  96  54  76  24  75  61  91  75  23  83  36  98  14  39  90  63  64  90  51  39  62  32  25  16  14  34  4  35  79  20  11  21  49  60  3  6  36  15  57  77  25  25  68  16  24  53  94  71  85  55  98  82  31  4  66  90  63  63  79  12  67  25  82  81  10  94  60  56  70  100  6  61  100  4  21  62  20  
12  61  51  29  63  73  57  80  15  24  38  9  67  14  86  88  73  9  29  57  10  49  1  48  48  95  59  58  87  33  27  16  74  99  17  94  77  91  24  57  33  83  45  47  76  90  5  49  47  59  2  68  94  78  17  58  59  97  63  12  75  10  9  14  50  10  68  86  31  97  50  63  90  54  71  81  100  1  73  1  49  22  14  26  27  89  91  35  75  68  83  74  42  16  78  66  47  36  3  91  98  7  63  44  74  89  88  11  51  52  
24  24  61  55  72  18  66  86  43  97  25  54  97  27  19  27  38  86  1  43  44  96  19  10  56  77  78  14  39  33  28  77  90  76  36  7  70  32  16  38  71  74  4  16  7  38  50  38  29  58  48  100  82  84  54  44  67  40  87  4  52  85  96  17  74  22  32  57  99  43  16  31  45  40  43  57  51  25  19  22  95  45  37  7  95  82  64  58  42  31  60  13  45  3  44  75  37  38  49  63  19  40  38  71  5  3  84  61  38  31  
77  38  68  55  3  81  1  15  45  68  64  73  93  16  21  5  63  96  18  58  12  79  69  89  69  14  87  37  37  8  4  33  10  57  99  70  83  66  28  20  78  53  89  52  41  98  6  54  59  93  36  81  29  12  19  93  80  16  84  44  9  87  23  44  78  86  88  20  32  35  29  2  50  5  63  48  47  13  56  84  17  88  66  45  47  3  29  80  39  82  65  48  62  98  23  86  58  10  30  55  69  78  89  62  60  17  31  96  48  93  
11  45  52  5  71  16  96  93  49  66  27  23  51  61  34  31  80  44  18  50  74  15  66  53  68  58  45  40  66  36  16  51  34  54  58  31  66  60  44  90  64  86  71  31  92  7  12  21  26  48  17  23  31  45  3  5  80  27  33  43  31  66  81  18  71  37  82  8  47  77  99  70  50  60  77  73  49  81  85  54  72  81  88  71  77  39  79  92  99  66  16  84  36  40  93  60  13  28  41  27  34  35  75  9  61  87  47  37  91  67  
3  37  37  78  38  18  61  39  13  36  19  4  39  82  7  33  19  23  74  13  71  79  66  83  7  45  94  67  49  29  40  94  1  61  51  56  29  27  67  53  73  11  4  79  42  4  97  13  34  86  92  29  48  28  22  55  77  83  96  60  74  31  94  13  28  44  37  45  10  45  49  70  55  18  56  70  60  78  78  82  94  11  39  59  69  77  27  98  71  62  51  75  34  48  33  79  93  56  13  66  45  71  7  77  17  53  13  58  47  8  
13  42  54  20  64  52  9  73  12  73  43  99  96  1  66  45  6  57  58  27  95  43  44  78  67  56  1  78  45  34  49  18  21  93  35  77  94  36  2  85  49  90  64  34  94  99  56  98  54  5  37  35  96  18  75  58  86  91  4  79  44  56  80  12  34  30  93  36  53  82  38  39  51  16  53  54  79  84  10  33  37  13  84  37  29  5  8  69  61  89  98  65  11  62  75  49  57  88  45  44  30  78  48  24  67  15  72  11  13  49  
