90
5  61  46  37  61  37  81  79  66  97  81  63  86  23  25  28  97  27  39  38  59  68  77  86  38  58  38  93  7  45  93  38  88  72  71  42  61  10  51  68  2  73  53  29  5  90  28  5  24  18  12  65  85  81  52  23  10  9  6  70  56  74  7  72  28  77  89  61  46  78  99  25  88  40  2  20  64  4  3  37  63  55  90  80  17  12  20  75  74  3  
48  35  72  51  68  9  27  50  62  9  62  56  64  48  19  57  6  93  85  35  56  29  46  69  67  89  93  86  26  99  42  5  72  17  52  81  25  89  99  97  22  49  60  87  48  60  71  26  7  78  68  47  100  35  29  47  87  46  16  74  67  70  62  63  98  26  13  4  63  58  82  89  91  72  47  28  75  73  30  85  9  52  81  64  39  61  84  96  17  84  
25  51  48  10  3  17  69  99  97  6  49  9  22  64  17  73  77  18  89  35  18  48  99  80  32  99  89  27  87  71  86  52  29  98  68  47  14  61  77  7  84  85  68  56  90  72  79  62  30  29  44  27  96  45  9  89  86  86  75  62  99  37  20  54  66  22  47  39  90  98  65  46  60  43  10  67  57  40  34  76  55  18  79  74  50  72  70  52  99  66  
27  99  47  99  100  5  38  7  74  22  34  12  18  70  19  85  96  15  92  60  89  68  51  87  23  42  90  22  28  97  61  88  82  8  6  52  53  53  16  4  43  99  63  3  42  35  21  66  95  100  58  65  46  6  82  96  41  3  85  19  97  23  22  63  96  85  76  95  66  57  24  43  100  85  83  89  58  34  34  80  24  65  21  100  31  24  38  3  83  80  
2  32  70  12  32  61  57  99  32  94  48  14  95  72  88  59  16  86  14  46  35  15  2  13  24  73  74  21  38  4  25  29  72  37  41  51  11  77  6  10  18  18  54  98  82  91  70  23  43  56  17  63  85  72  85  16  42  59  71  28  72  88  72  47  67  76  8  60  19  18  6  53  84  26  80  11  70  39  88  26  6  3  7  38  43  43  47  59  21  25  
92  89  22  82  61  93  36  2  88  49  44  28  41  14  97  33  21  27  9  52  100  41  78  57  94  84  31  70  18  73  94  9  66  20  83  46  59  71  60  29  81  16  82  94  60  53  4  86  37  41  50  5  18  68  56  68  89  77  26  70  31  33  46  27  89  52  13  8  17  32  62  92  18  98  78  79  17  2  100  12  52  90  56  18  36  99  9  72  77  51  
23  50  11  49  82  10  77  6  29  70  97  76  78  73  28  34  30  99  31  63  7  7  73  19  79  72  71  39  99  46  84  18  2  3  45  26  65  35  91  18  78  26  82  3  29  68  52  89  30  3  24  88  53  63  93  30  90  66  31  18  89  56  97  21  35  81  48  60  71  66  91  100  85  58  78  84  79  40  94  77  64  11  43  99  61  3  71  85  53  83  
86  34  65  76  19  90  26  99  82  58  89  97  56  46  68  65  45  43  99  9  44  32  90  68  42  99  53  77  14  31  39  64  27  47  88  48  8  84  96  54  33  68  59  14  78  96  59  35  96  99  52  57  26  59  61  1  40  37  71  54  10  54  21  71  64  1  82  66  85  72  18  18  92  100  8  93  64  45  28  40  18  30  58  77  35  75  70  58  95  83  
1  14  18  2  15  54  81  5  25  81  45  53  76  96  76  15  2  72  99  57  99  6  47  77  45  6  83  28  59  74  39  7  24  84  6  4  36  77  48  5  54  76  58  10  28  55  94  76  95  97  74  50  24  61  2  62  89  98  21  37  65  64  5  38  32  14  42  53  16  72  94  39  14  11  68  77  13  40  98  64  74  62  59  47  25  96  69  99  35  53  
23  14  3  8  32  23  46  37  71  43  4  47  53  91  75  18  72  97  86  55  34  3  52  91  86  7  60  37  46  49  27  16  3  94  15  21  93  30  84  89  75  75  38  97  86  93  16  21  4  84  82  98  85  49  20  9  93  59  94  86  90  86  3  16  64  3  46  37  48  78  41  100  4  91  78  90  72  14  97  37  44  69  94  14  17  24  36  77  63  29  
34  89  34  32  58  40  78  55  94  71  23  65  6  48  26  61  55  82  37  97  26  53  65  41  8  100  54  49  56  76  94  47  4  57  23  19  31  54  15  62  6  45  26  11  18  34  44  22  20  91  49  51  31  13  55  23  41  68  96  97  18  74  47  87  61  62  21  51  98  31  49  16  90  72  34  4  5  82  46  28  100  44  78  58  48  98  33  14  44  2  
98  98  13  44  88  99  78  65  91  53  95  57  16  34  36  87  22  70  84  7  55  67  5  92  55  2  75  53  95  57  56  26  97  67  65  88  60  4  99  37  25  27  89  46  62  8  23  1  79  20  95  73  40  21  99  66  60  43  79  36  76  45  12  25  19  84  15  67  66  43  90  19  9  4  62  12  68  94  37  53  96  67  18  19  43  100  63  5  40  76  
31  62  13  88  80  82  41  17  76  17  94  40  98  34  10  51  10  95  95  69  7  57  91  25  79  66  75  80  76  97  60  32  100  56  43  48  26  30  82  78  10  53  24  69  81  31  13  86  24  17  26  58  29  30  83  15  88  33  52  11  95  53  82  54  45  32  80  66  77  66  15  46  96  55  6  41  86  75  33  74  36  69  84  25  59  50  5  42  29  20  
4  69  38  70  10  53  29  75  32  53  9  27  49  51  86  5  56  26  58  32  43  46  52  18  27  72  87  35  79  54  71  11  9  74  55  99  50  73  82  24  31  38  39  50  5  47  85  99  98  35  82  7  67  18  47  93  56  79  78  5  39  40  61  95  71  13  29  1  2  41  15  36  59  71  20  11  47  38  32  13  42  56  19  68  88  5  13  47  19  37  
77  42  37  16  11  82  54  30  47  70  64  76  38  75  89  91  6  67  64  15  7  71  43  77  80  52  19  10  62  81  25  68  17  57  96  6  36  63  82  97  85  75  45  78  70  98  36  55  49  74  32  30  37  81  84  83  37  30  74  46  8  9  25  33  72  80  59  61  85  4  1  9  80  3  35  3  83  85  27  3  8  92  56  64  14  42  54  76  15  98  
40  57  52  54  48  8  72  95  30  38  14  38  60  72  52  85  3  49  66  5  48  86  73  99  57  75  49  96  7  69  82  28  48  42  71  65  14  99  45  71  82  12  60  68  20  54  37  75  44  15  88  42  18  28  91  20  14  42  3  51  46  10  50  98  66  58  89  92  87  40  32  15  20  71  82  48  6  85  77  50  99  33  38  44  26  25  15  9  77  30  
68  75  4  32  33  24  31  28  28  12  57  2  43  14  74  89  8  12  35  23  9  9  61  71  82  75  97  46  41  4  95  4  6  52  77  86  66  55  5  22  8  9  30  62  27  42  83  30  92  32  44  26  100  47  11  42  61  52  19  77  7  72  94  61  32  39  64  29  11  11  19  92  72  22  15  9  52  65  12  94  83  19  31  55  33  84  6  60  41  69  
90  53  41  22  14  12  12  22  29  49  38  71  35  59  33  72  64  13  35  40  21  65  15  100  37  35  66  34  76  11  30  16  7  51  24  87  91  100  44  61  64  33  71  58  90  14  81  22  69  62  52  77  42  91  18  8  25  1  99  13  82  27  37  58  9  34  76  44  70  49  75  94  26  19  41  35  35  22  63  44  4  15  60  10  12  80  54  20  54  58  
83  17  35  24  94  26  35  11  84  38  65  33  41  96  8  95  7  70  64  62  78  47  11  77  30  52  30  62  83  71  92  19  39  74  53  31  85  81  72  33  73  17  8  73  80  14  64  19  62  17  40  21  27  57  95  14  62  17  78  74  7  71  70  27  59  62  3  15  73  23  80  64  94  95  20  79  39  23  54  92  30  70  39  32  4  54  17  19  6  28  
69  40  59  73  35  7  74  25  54  67  8  45  75  79  61  1  76  86  33  69  51  12  98  21  54  9  33  44  47  55  75  75  3  63  73  84  46  7  52  70  42  9  94  87  93  41  3  57  23  2  23  43  48  1  89  28  93  73  6  21  37  36  34  100  33  33  10  52  58  83  58  44  63  87  11  16  65  14  51  21  43  41  52  83  48  88  68  71  3  9  
37  100  37  97  10  7  26  86  84  47  72  48  20  12  9  64  25  51  93  54  11  19  35  52  81  85  9  54  100  40  59  24  57  47  9  50  13  51  56  29  81  85  3  71  28  1  21  76  13  94  9  22  64  92  92  17  7  66  20  54  23  29  19  99  81  55  66  79  62  19  60  90  74  13  83  65  61  95  48  25  70  72  5  78  81  63  41  12  66  100  
5  54  89  2  83  68  21  14  54  10  18  84  87  47  11  52  22  62  34  13  24  98  89  98  34  73  63  1  62  90  57  87  12  77  2  63  95  10  65  16  79  58  12  27  9  3  67  2  56  2  46  30  34  62  76  12  65  22  1  67  84  74  11  83  78  80  12  40  20  21  95  68  74  82  44  48  21  81  82  31  20  44  82  45  63  91  46  80  94  70  
89  73  26  69  30  34  74  57  67  30  35  70  83  46  60  21  79  69  10  95  27  47  15  75  41  67  99  42  6  31  52  17  20  36  91  56  21  66  17  69  67  14  45  92  83  67  62  21  97  93  64  13  32  18  77  40  81  12  79  85  87  26  90  86  67  94  71  87  51  66  90  23  34  50  67  12  91  3  89  59  58  87  75  34  52  18  83  14  98  21  
9  62  53  95  42  20  43  46  34  7  11  5  12  68  74  72  61  100  45  89  35  28  6  66  95  13  23  77  78  39  88  57  58  25  33  47  45  18  25  34  61  81  16  21  56  12  95  68  23  63  60  27  81  58  85  93  20  91  88  42  50  24  50  90  46  1  17  46  51  99  35  34  1  60  18  61  22  28  53  65  40  33  67  85  100  29  97  17  83  66  
5  55  7  1  89  89  90  67  77  78  35  44  15  49  30  87  30  51  57  99  76  17  48  3  37  77  86  73  10  27  57  41  14  63  71  83  4  56  8  22  71  21  14  20  32  34  63  84  51  1  61  70  79  61  86  61  65  55  70  76  66  22  39  15  9  68  68  41  78  20  54  100  58  81  97  64  62  45  8  17  46  11  51  41  95  47  9  17  20  57  
63  33  14  13  30  85  70  3  3  77  58  87  50  14  96  20  42  32  17  84  68  35  21  49  43  62  56  38  90  93  52  25  36  57  63  15  32  100  87  65  5  2  85  59  2  99  60  26  13  68  2  45  85  7  36  27  42  38  53  27  17  29  93  37  59  96  45  13  59  45  6  38  80  50  35  91  95  82  14  40  50  15  27  42  30  72  34  85  26  33  
25  2  22  88  20  67  35  10  88  95  27  26  63  62  70  36  64  88  38  79  26  12  36  6  54  54  48  73  22  32  16  74  52  3  76  15  78  19  86  16  34  60  46  20  80  98  90  46  82  29  63  40  36  38  53  69  1  75  25  23  75  50  19  54  57  17  8  62  88  89  9  90  7  49  16  10  92  17  37  36  80  52  25  96  1  10  6  24  24  93  
20  14  7  86  40  59  22  46  15  94  33  39  50  50  61  3  14  17  59  4  74  60  61  99  86  23  34  58  97  74  36  24  49  54  37  86  58  6  47  76  1  35  25  14  90  89  9  2  30  62  5  45  60  15  93  39  50  42  64  3  41  6  80  10  99  10  36  59  85  37  8  13  20  56  23  42  23  32  49  66  50  4  39  67  23  56  79  8  38  67  
77  5  4  86  83  74  84  49  48  17  31  79  11  37  79  74  66  10  20  58  25  58  20  61  23  1  50  75  20  89  73  59  9  21  75  90  99  70  2  32  97  61  72  34  18  3  99  52  3  82  88  11  83  12  82  94  61  60  10  88  8  79  7  3  22  32  29  11  80  79  5  31  24  36  32  33  38  73  83  36  52  35  81  36  93  4  97  79  95  90  
65  87  78  79  1  86  77  1  82  72  1  13  80  10  67  47  19  27  84  11  75  49  73  1  83  96  56  69  30  31  33  53  83  63  67  64  11  64  22  92  8  100  91  80  46  100  65  43  98  98  55  26  32  100  46  45  56  49  12  51  2  28  14  35  46  80  58  81  41  8  69  47  74  71  30  91  11  85  73  24  52  68  100  86  82  48  8  17  87  35  
19  89  18  21  99  17  84  38  80  15  83  7  66  15  83  44  45  30  94  61  88  96  30  30  2  51  58  8  29  88  83  100  76  91  13  4  47  17  30  70  64  76  72  8  94  10  60  72  42  84  37  25  86  90  66  21  59  33  34  32  14  25  77  40  18  24  75  14  21  5  18  75  66  30  9  66  56  31  74  91  72  87  43  96  35  4  28  30  33  97  
91  25  11  100  9  32  69  76  44  30  4  66  19  88  86  20  57  29  92  18  91  13  12  48  99  54  6  78  50  30  90  91  19  95  93  89  70  77  39  66  14  5  88  79  59  74  58  75  47  55  7  60  93  59  71  5  69  46  4  47  12  8  33  32  86  31  83  86  56  94  86  3  95  12  89  25  76  25  12  69  70  83  28  43  97  25  94  37  55  15  
65  88  85  65  79  3  88  42  86  60  38  79  80  45  45  90  23  93  11  11  39  93  17  37  59  61  2  78  3  80  63  13  39  67  97  20  44  28  8  1  1  13  97  35  38  44  37  76  7  35  80  92  46  59  95  1  16  53  27  79  3  21  50  46  60  59  89  68  46  50  97  68  18  30  57  69  18  17  60  81  70  31  75  65  1  100  49  63  29  50  
51  46  33  68  69  17  12  96  36  17  44  92  42  45  51  23  60  37  29  50  40  46  67  93  82  18  76  62  9  21  78  36  14  15  89  52  62  29  26  41  49  33  57  59  71  9  18  36  48  63  89  36  99  86  97  56  44  80  43  92  28  56  86  56  58  67  32  37  79  83  31  80  54  32  60  42  71  32  25  59  27  86  79  54  5  7  75  29  37  89  
69  50  25  53  34  1  59  77  15  45  35  71  98  37  70  92  60  29  72  68  92  23  16  57  13  18  28  17  92  20  73  33  89  7  74  46  63  69  58  96  76  74  1  78  79  8  49  16  80  43  41  97  46  24  38  35  20  28  6  59  54  64  20  37  13  83  31  68  81  99  60  31  68  74  13  71  67  28  16  94  92  76  77  49  82  95  6  89  96  13  
47  40  12  97  71  75  87  77  70  65  60  26  71  83  28  69  38  99  97  65  96  42  63  90  46  97  69  48  46  91  92  55  69  83  27  13  56  36  87  79  46  86  86  61  83  25  2  58  100  55  76  42  92  75  5  52  93  19  48  42  66  65  14  9  93  28  28  4  29  43  67  89  28  93  1  60  46  16  81  39  69  89  83  27  67  83  89  13  47  71  
58  31  7  21  25  90  70  27  43  65  13  65  92  79  97  77  59  48  66  68  53  73  75  8  53  12  53  8  57  17  77  5  57  18  9  78  15  32  91  71  6  12  31  98  92  98  5  44  81  88  21  84  98  93  55  3  80  16  42  78  92  29  37  45  12  53  86  14  45  22  19  62  27  31  85  63  59  55  41  9  54  43  32  72  16  18  10  69  74  88  
2  70  51  37  83  19  62  31  71  57  13  16  79  96  48  43  92  3  86  67  57  91  67  68  59  39  92  28  97  8  31  32  34  98  30  68  30  81  83  95  24  77  1  65  55  70  85  66  28  76  15  68  60  51  89  57  89  25  14  62  3  22  21  9  14  12  50  52  42  95  86  34  1  87  99  61  2  75  15  42  96  61  83  90  90  39  6  85  5  8  
1  57  53  2  5  19  47  51  50  48  25  29  82  7  8  78  22  8  66  94  66  7  71  2  80  78  94  75  38  17  12  38  9  8  85  69  77  58  6  57  9  9  8  47  84  9  47  50  2  73  75  63  16  90  83  14  63  13  62  81  85  52  26  80  54  25  75  62  31  9  57  82  20  95  19  29  39  65  19  3  73  94  98  82  52  7  81  49  51  100  
12  75  31  72  87  14  7  54  71  24  49  67  43  64  39  30  48  78  35  23  68  37  83  54  40  93  52  15  76  34  33  49  72  23  27  28  35  18  40  7  82  100  65  63  58  1  65  21  15  66  77  5  56  86  17  28  8  8  75  80  72  75  84  9  3  99  81  42  93  44  75  42  5  7  19  11  41  17  13  48  79  38  62  10  65  75  51  57  10  21  
72  86  66  93  77  39  72  23  70  97  33  77  57  25  80  85  12  70  55  60  1  42  10  45  86  62  18  39  19  88  92  96  64  76  3  40  48  38  75  62  28  13  63  84  34  80  6  60  43  93  78  3  73  68  41  23  46  16  54  33  73  20  43  88  23  88  81  53  54  8  27  75  64  12  36  91  80  78  68  61  93  99  10  40  93  88  34  53  13  39  
58  60  44  9  93  84  79  43  34  59  11  8  9  53  42  54  13  16  17  9  61  68  5  50  65  1  58  97  98  54  54  42  30  4  17  33  68  83  43  71  4  14  80  29  16  68  77  94  51  48  26  93  80  6  39  19  83  31  79  45  36  88  12  20  45  15  73  82  59  57  87  66  4  16  66  33  70  73  82  23  84  90  7  88  35  75  88  94  47  43  
82  91  49  82  88  79  91  3  39  20  76  89  96  63  70  95  97  46  41  40  25  51  11  99  42  18  91  36  39  37  43  66  64  95  7  99  12  72  90  18  83  17  44  81  32  64  8  4  38  4  5  69  64  46  45  37  25  13  94  65  79  1  31  64  22  59  21  67  76  57  94  14  10  40  47  41  46  14  39  89  32  36  16  74  24  4  67  46  58  60  
40  9  59  12  88  69  18  15  8  99  39  79  51  82  18  92  34  70  63  2  2  77  87  99  26  89  53  3  47  24  18  18  46  48  67  99  33  70  59  70  7  78  91  34  93  29  59  3  100  32  51  15  80  49  42  3  86  24  32  26  84  8  15  37  50  44  12  49  87  65  98  64  4  32  58  100  69  96  1  13  79  94  32  95  51  98  84  32  83  39  
1  53  74  56  87  71  97  76  13  21  11  89  16  91  1  50  95  73  16  89  79  37  12  41  53  1  59  65  8  80  85  6  47  29  75  94  24  18  80  35  25  58  28  85  48  89  43  83  41  19  40  39  34  12  31  56  88  67  42  8  8  84  59  68  61  41  54  54  74  53  23  47  63  16  96  86  92  87  77  6  10  39  15  91  64  59  1  63  49  18  
81  74  91  24  40  90  28  66  73  88  64  25  57  36  62  32  38  31  62  46  94  90  52  75  16  62  40  3  90  92  97  19  79  53  31  60  26  73  78  62  66  15  50  77  76  37  87  87  63  75  63  12  26  33  35  66  9  100  7  44  82  38  92  67  70  94  40  43  67  34  38  25  8  58  62  73  98  15  9  10  3  64  63  86  2  77  81  94  72  79  
55  3  35  94  20  35  22  78  84  68  81  68  30  21  43  38  13  49  99  7  71  12  71  80  3  77  76  97  35  98  92  31  7  85  11  2  32  14  87  49  72  74  79  5  69  88  9  10  18  11  65  22  91  59  65  15  43  81  77  41  82  44  22  34  29  81  27  79  93  27  92  57  74  66  89  62  92  70  57  4  58  25  5  55  79  90  28  52  74  54  
60  71  7  41  83  5  6  54  94  9  40  29  55  84  62  38  58  15  63  93  2  17  57  89  34  76  91  4  2  93  9  79  98  32  75  57  9  20  13  6  71  32  12  42  37  25  12  87  87  58  15  54  82  54  33  100  35  74  19  24  98  8  90  93  100  83  95  48  76  39  2  13  84  6  29  67  38  2  42  10  70  20  42  18  32  23  25  51  59  74  
46  39  7  92  24  49  38  8  62  18  100  83  66  40  29  62  68  27  84  100  10  54  52  28  59  49  12  87  35  16  98  35  72  99  7  53  8  70  93  33  52  42  32  36  41  4  100  9  18  90  15  34  2  3  22  97  52  19  15  89  80  53  90  18  71  94  46  56  4  21  54  65  63  53  64  77  66  26  39  85  6  30  33  99  95  68  86  77  37  80  
46  3  15  83  7  1  23  25  4  39  70  16  77  65  32  49  41  91  15  54  22  37  26  88  32  3  83  41  35  76  23  48  20  19  43  2  85  29  50  54  44  41  91  90  85  93  90  1  68  94  16  6  87  20  4  92  11  47  49  93  24  39  85  98  9  62  87  13  25  78  64  94  13  94  29  72  98  60  100  1  32  37  34  25  74  19  11  16  100  77  
15  12  36  30  91  74  11  78  86  90  25  78  13  48  19  44  30  77  25  3  29  56  70  59  23  14  96  93  54  50  76  8  61  62  23  20  43  29  54  12  14  92  2  28  5  34  70  63  14  55  99  48  60  50  85  63  13  23  30  19  99  33  93  73  81  58  12  12  26  88  17  62  71  13  33  59  10  78  88  64  61  65  40  82  27  46  69  49  57  40  
31  79  41  20  19  97  19  58  35  62  6  95  34  95  85  96  92  30  66  2  56  73  52  49  14  83  20  40  90  1  33  86  70  74  50  66  99  54  100  21  47  100  8  52  48  99  45  19  11  97  7  11  4  95  17  59  73  4  100  16  3  39  92  73  78  86  66  58  23  1  27  32  78  35  24  65  62  46  2  78  41  31  8  98  10  71  43  96  26  20  
51  94  52  17  61  66  6  47  86  80  92  1  22  82  38  32  11  81  14  22  38  71  69  73  79  37  58  29  72  53  18  73  58  92  48  97  92  33  37  99  35  54  35  91  62  38  95  99  33  79  78  19  16  91  78  59  62  97  56  42  39  80  18  4  100  48  55  43  79  55  9  94  59  5  92  31  38  34  29  33  46  49  63  90  96  54  71  27  62  69  
3  24  98  14  3  20  74  18  93  37  56  28  32  49  64  93  33  50  5  15  93  96  89  27  34  11  81  3  9  12  70  7  55  27  56  15  85  3  49  80  20  6  5  73  7  87  81  97  25  85  18  80  94  63  53  84  38  80  57  73  28  74  87  26  28  82  34  25  58  78  25  96  16  17  71  36  65  39  40  86  100  47  20  20  84  18  13  90  51  29  
94  29  84  52  96  73  4  75  21  65  6  15  71  47  67  77  79  94  28  92  11  27  4  98  2  60  11  33  81  17  54  7  13  95  14  4  8  26  43  45  43  23  75  23  92  76  80  93  46  60  75  10  48  100  27  93  34  13  57  54  50  27  76  89  2  33  31  11  84  32  52  91  30  30  34  5  41  90  13  60  47  32  65  13  87  68  88  42  8  36  
90  70  2  8  5  40  64  11  33  65  56  2  92  29  18  47  78  23  5  44  87  41  37  15  17  40  96  61  29  40  88  14  12  29  12  63  60  36  34  34  73  16  41  83  17  88  33  32  38  85  46  84  42  81  70  2  65  47  25  58  70  25  77  1  22  34  7  57  28  79  98  17  74  95  16  25  86  1  51  7  81  6  98  15  22  22  47  75  86  85  
68  31  65  91  54  95  71  45  94  86  82  62  59  91  20  56  98  69  19  89  84  81  13  83  58  85  9  41  59  81  8  16  13  27  26  74  92  43  99  100  81  12  88  41  6  22  28  15  66  76  1  42  69  83  4  8  46  92  91  58  13  83  82  6  94  81  71  64  9  78  62  77  82  66  93  35  98  88  32  54  85  28  5  24  43  41  87  88  2  72  
94  83  42  53  99  95  1  16  42  27  59  72  85  12  50  79  96  47  8  81  10  37  97  2  20  58  99  13  93  37  48  2  65  56  52  71  70  65  90  13  19  39  17  16  69  34  72  95  63  63  78  46  52  49  91  5  5  44  63  80  73  79  37  79  52  21  8  43  59  10  49  72  97  22  25  82  91  70  65  56  86  18  88  38  16  17  18  88  67  23  
23  9  68  65  69  43  49  57  7  92  35  80  61  1  86  22  78  71  77  92  67  47  39  58  99  16  64  58  75  46  73  48  53  100  51  51  57  74  69  32  69  2  84  71  92  44  62  65  25  34  74  17  16  26  60  83  38  64  89  25  70  36  7  13  23  48  66  83  75  90  78  44  97  97  88  20  99  95  99  6  50  18  14  20  45  12  78  68  34  79  
49  61  7  77  42  78  71  56  16  76  3  10  45  35  75  52  100  39  63  75  76  99  8  40  16  13  92  48  46  22  1  16  87  93  67  47  60  76  60  46  26  100  98  99  94  35  72  13  32  59  60  99  17  58  28  32  17  84  60  80  59  63  3  43  16  20  95  19  73  42  92  43  96  77  83  86  22  27  62  73  20  60  47  6  1  79  6  44  41  15  
19  42  33  16  58  56  99  80  92  35  80  51  21  66  65  4  50  26  49  24  57  49  85  37  62  37  44  48  91  92  82  98  89  95  79  96  48  41  55  6  34  37  89  100  26  80  13  62  9  12  39  57  48  61  29  41  26  27  83  30  11  52  14  11  54  63  16  79  50  59  73  57  91  61  59  71  74  63  70  78  29  38  96  22  88  47  24  98  88  22  
36  27  26  76  21  40  26  74  17  39  16  28  61  55  75  99  37  53  1  42  41  71  34  18  38  39  91  49  49  89  23  20  33  56  63  85  22  30  23  44  11  79  42  36  32  30  81  99  75  96  37  44  73  42  49  90  61  67  1  7  59  59  56  32  64  20  24  97  82  3  2  58  42  50  49  20  28  82  17  56  36  68  100  34  70  13  42  62  20  37  
23  53  49  2  28  90  7  78  94  50  100  20  61  3  31  100  82  26  76  22  59  85  61  25  67  7  80  1  84  2  41  23  28  90  5  11  100  86  79  29  6  60  94  84  94  1  63  46  85  100  95  97  94  66  60  4  18  21  68  9  82  77  85  70  17  51  83  32  19  1  13  92  67  7  50  64  10  15  54  46  61  26  84  51  82  60  56  26  55  33  
24  67  43  17  96  76  50  43  42  24  69  38  15  20  33  52  31  52  70  29  9  8  60  14  1  75  12  83  17  53  77  17  92  30  91  96  82  45  18  21  68  84  17  49  30  92  62  27  83  20  30  32  28  61  84  70  42  98  62  85  5  15  58  24  97  50  19  60  10  91  85  31  33  77  8  13  12  87  34  50  36  97  88  26  97  97  63  30  10  16  
61  67  37  92  38  70  48  23  65  95  67  71  96  43  13  21  36  40  43  69  50  78  16  67  22  62  96  20  53  87  58  64  9  59  18  26  47  60  70  50  8  92  11  57  2  45  87  39  10  37  22  92  3  34  23  95  14  11  17  13  36  3  56  3  35  3  72  30  37  93  27  50  37  57  65  43  30  50  51  23  46  15  61  41  44  38  36  61  25  22  
13  57  41  90  100  32  23  66  69  91  65  42  61  23  44  57  27  7  86  30  59  3  84  27  76  55  81  84  47  24  57  100  40  75  36  100  71  78  55  78  80  55  57  76  19  84  8  2  14  39  95  97  46  46  50  5  89  96  64  59  7  2  3  65  88  5  88  72  24  58  53  25  36  10  37  75  81  34  65  21  24  36  79  41  96  7  52  13  49  38  
27  9  10  4  84  33  76  32  32  66  52  27  93  67  39  21  71  100  21  51  20  22  84  46  15  27  29  56  57  74  1  94  42  97  42  33  55  72  38  5  13  2  6  58  48  76  2  48  30  67  35  21  4  94  39  51  84  53  7  65  30  62  86  66  1  37  27  22  26  30  51  5  7  4  85  3  50  81  19  85  51  34  38  15  40  100  51  30  35  49  
86  24  59  51  93  19  1  49  22  40  34  44  93  53  10  84  84  69  65  24  95  79  56  60  77  78  59  28  7  35  32  29  68  44  57  63  13  79  75  48  46  65  92  96  17  69  38  13  22  20  23  19  95  56  37  71  56  90  62  33  53  37  28  44  89  93  73  91  61  63  100  23  21  80  90  45  15  33  100  81  49  89  97  63  20  57  99  49  55  63  
33  83  8  55  42  93  85  89  94  9  2  28  38  16  94  29  69  66  28  16  48  39  18  6  57  72  81  9  94  19  19  65  69  2  3  71  44  24  86  9  89  56  16  87  21  36  79  54  54  36  55  69  89  84  78  32  35  80  3  86  28  83  21  72  48  44  75  56  28  78  96  1  62  47  17  52  70  66  34  67  22  92  84  93  11  5  37  100  93  66  
9  21  4  97  63  52  15  14  15  76  79  6  92  45  36  39  30  38  2  13  40  15  80  37  24  35  79  85  11  63  99  84  83  96  12  32  97  96  52  98  62  84  84  61  64  13  22  12  60  94  66  20  80  56  12  36  70  93  21  50  17  6  69  66  45  11  5  92  66  84  99  20  46  57  69  32  29  100  40  68  48  64  17  70  51  14  63  80  44  39  
14  85  66  56  52  85  31  19  89  74  58  66  22  19  98  27  27  36  15  5  60  72  52  30  72  58  51  86  22  13  100  99  21  26  45  62  52  37  58  98  16  81  89  94  7  87  75  31  28  87  78  81  44  22  89  53  96  4  89  69  80  96  18  67  70  63  33  55  80  4  33  37  80  23  54  77  31  10  95  14  57  40  48  23  26  92  30  57  21  79  
61  22  21  99  38  33  57  48  68  69  41  45  61  23  10  42  37  34  25  99  95  86  53  2  65  82  15  78  44  87  15  27  94  31  30  97  51  33  51  96  88  73  19  52  17  68  47  93  55  56  49  6  87  71  57  39  15  50  63  92  76  44  2  1  99  67  89  77  87  69  22  95  83  34  5  19  6  27  8  12  91  3  68  66  74  46  80  1  60  7  
54  8  57  59  19  64  72  92  47  56  3  73  35  72  75  48  49  23  17  2  93  16  49  22  8  61  11  37  42  52  95  15  53  88  54  20  93  27  12  47  38  98  52  17  30  25  29  36  29  87  84  70  14  63  72  7  68  48  16  26  78  69  74  20  84  57  71  58  70  50  84  50  32  29  77  76  45  21  80  74  14  34  9  62  62  34  96  10  8  39  
37  12  71  55  42  28  4  24  99  96  69  38  30  5  54  47  95  90  69  81  10  87  65  56  53  40  25  51  86  28  94  89  10  86  90  25  46  37  62  19  44  57  2  19  85  32  14  90  80  89  35  74  41  63  58  42  66  32  50  52  39  49  43  27  36  44  43  84  25  27  100  10  28  56  60  87  99  45  35  71  52  25  90  76  28  41  80  45  62  22  
19  29  50  36  45  53  88  53  38  91  40  28  73  33  76  61  22  74  62  44  45  100  58  56  17  76  90  3  58  66  59  31  46  74  51  86  32  67  93  2  39  46  94  56  18  32  24  59  63  92  95  88  70  70  60  34  33  6  8  48  91  43  99  55  69  23  12  93  48  21  5  98  18  41  30  10  58  25  42  54  59  41  26  99  88  92  36  17  50  75  
77  98  55  46  75  56  22  42  13  34  46  77  51  31  98  71  70  94  24  76  21  63  13  91  1  45  93  43  87  66  71  62  60  34  34  31  72  21  81  15  99  84  12  80  98  49  94  21  54  85  94  45  61  72  22  18  24  80  60  12  54  58  48  21  13  84  5  84  68  35  27  83  41  52  10  49  77  96  17  26  2  89  94  48  19  56  66  17  24  10  
11  2  63  41  54  5  66  37  68  10  66  1  21  23  41  4  86  13  40  11  4  36  31  44  98  73  5  19  53  24  80  41  7  81  58  86  89  80  46  36  28  32  47  15  85  86  85  36  29  35  36  97  56  17  30  77  97  20  88  7  28  53  94  45  95  100  21  1  56  60  95  4  41  47  65  42  57  79  5  16  80  82  87  59  95  17  48  1  68  25  
85  54  57  12  86  66  50  37  77  49  29  40  27  30  80  33  61  71  79  5  79  81  80  95  16  15  10  73  27  64  89  58  23  81  80  49  43  11  45  9  68  63  39  38  79  49  49  17  14  76  72  60  26  21  19  61  26  72  43  41  99  67  96  50  79  2  86  83  69  63  1  87  87  3  85  16  64  93  42  5  97  31  47  64  14  79  85  23  58  79  
70  66  19  90  36  24  33  51  47  21  28  39  15  36  34  8  86  44  53  98  49  99  37  38  28  78  86  94  58  53  57  75  11  43  32  91  73  52  26  26  55  24  52  70  20  92  61  100  79  95  42  95  44  71  14  37  96  76  11  38  95  44  49  24  78  8  27  16  21  80  20  63  95  50  40  99  63  66  5  10  94  33  53  87  65  59  91  59  45  1  
37  54  3  12  14  39  62  59  66  81  38  28  43  46  57  16  81  50  29  74  58  10  82  13  92  45  43  55  13  75  14  28  65  55  8  62  21  18  65  27  94  37  14  4  23  100  6  18  26  37  23  27  12  58  41  51  89  44  51  99  59  88  26  45  77  4  93  83  92  98  57  31  89  37  45  20  84  83  88  22  97  83  60  19  8  38  68  12  63  81  
58  85  43  100  81  11  7  89  67  67  1  78  77  64  73  17  75  40  55  23  12  1  10  34  9  46  15  70  97  45  27  98  99  41  97  19  3  10  75  59  52  13  46  66  42  82  83  36  84  92  94  71  43  77  62  58  58  20  19  63  49  74  58  32  75  56  75  62  36  34  68  62  96  10  74  34  53  98  32  94  17  51  84  91  36  83  20  77  16  74  
20  99  6  60  74  57  98  10  41  33  79  4  43  79  12  96  25  88  56  93  74  76  75  28  53  22  77  78  51  92  58  90  91  90  75  78  25  68  6  72  48  57  63  76  53  65  11  22  74  67  80  91  80  27  7  31  66  91  22  36  40  55  78  42  18  23  96  41  97  92  54  23  50  63  66  78  92  81  66  22  77  38  42  18  10  83  39  12  95  16  
87  74  18  33  78  48  2  58  96  25  30  38  84  41  8  43  6  20  58  17  95  66  22  90  27  55  19  29  2  99  100  67  43  25  87  86  34  31  82  34  61  18  93  27  50  61  70  40  97  70  29  78  73  6  27  35  53  43  13  85  67  53  10  26  47  97  92  23  52  88  69  40  42  50  17  7  15  12  9  78  61  65  91  42  55  47  78  85  61  28  
60  69  53  79  84  32  41  12  2  69  9  55  34  24  72  8  31  53  37  48  9  55  67  48  55  33  8  44  15  38  3  60  89  35  90  53  82  90  77  63  90  92  62  14  42  57  26  99  2  64  99  80  76  73  90  90  56  72  18  84  46  21  48  37  9  38  49  93  36  51  54  72  92  21  17  23  62  27  64  34  30  34  92  7  69  51  51  98  94  59  
43  20  51  96  97  79  59  88  7  81  50  63  6  1  20  43  34  7  13  52  28  76  84  15  17  75  76  6  86  100  22  7  37  76  33  89  60  47  84  48  71  79  80  72  2  41  86  97  10  60  74  7  8  57  3  90  62  58  84  14  96  19  57  41  53  30  66  48  27  43  6  51  100  97  56  1  95  91  10  92  89  94  27  68  85  35  5  84  65  24  
86  15  80  33  6  90  23  84  62  46  17  15  46  31  44  6  16  75  51  42  100  95  73  71  77  20  26  79  12  5  39  88  11  66  99  83  51  83  22  29  33  4  70  97  54  16  60  22  89  46  44  40  91  34  38  23  38  50  55  28  25  46  39  69  42  43  59  14  46  81  88  91  13  81  7  32  54  30  28  7  13  96  45  84  2  93  27  92  81  35  
27  25  24  90  89  44  55  67  88  31  10  35  55  36  35  21  4  46  58  58  13  87  84  72  28  57  37  74  15  12  60  89  9  56  23  74  51  19  51  68  68  56  94  44  100  18  50  84  78  59  62  25  79  52  27  15  78  61  81  52  80  68  46  54  100  77  61  73  38  6  29  84  75  61  78  77  49  81  92  12  53  18  18  57  3  49  84  45  15  17  
53  8  42  14  64  65  33  43  36  26  10  33  23  63  54  81  22  62  73  96  23  61  26  36  46  11  69  9  38  91  7  86  52  53  87  53  98  58  88  23  50  52  48  15  70  15  67  86  90  37  40  23  9  48  42  5  23  17  47  12  18  83  61  81  62  33  10  51  38  89  6  55  47  36  97  9  97  84  92  33  70  56  23  45  43  36  68  82  24  20  
34  99  9  91  38  55  13  27  62  9  94  52  34  78  68  86  29  87  77  71  78  8  51  100  72  56  78  94  64  72  72  12  47  86  48  60  13  29  34  56  67  70  40  72  14  80  94  74  44  31  34  55  47  34  89  82  81  58  79  97  100  74  56  99  23  66  36  44  20  21  99  97  20  72  6  40  19  35  21  71  90  27  22  61  50  40  31  43  29  88  
15  86  30  37  24  73  89  99  13  25  94  48  3  79  47  83  63  79  25  38  3  64  31  46  23  16  94  15  53  44  68  88  12  18  14  92  5  96  34  32  19  60  46  82  99  42  73  10  24  21  72  23  100  32  59  74  28  62  20  63  96  12  62  45  59  31  52  85  62  22  78  1  13  48  4  91  42  19  21  77  1  82  82  39  7  12  24  57  19  23  
