50
95  60  13  25  89  20  17  84  61  63  84  68  40  88  67  12  1  68  63  46  58  4  36  86  38  67  58  6  75  28  45  18  10  90  100  60  4  70  49  57  90  44  69  21  49  28  95  25  96  48  
13  97  86  22  1  79  6  97  65  58  14  13  83  51  66  51  53  12  91  67  28  39  40  84  25  13  73  65  21  85  3  11  19  37  78  72  67  59  36  16  30  17  23  68  41  89  58  35  44  70  
84  80  85  29  27  17  54  8  100  76  13  17  43  78  22  44  4  93  11  27  49  80  26  22  29  39  21  93  77  62  58  36  91  20  12  80  70  2  75  12  90  66  35  39  22  34  2  92  79  40  
73  84  88  13  35  95  37  36  9  58  78  85  50  82  65  44  36  35  29  92  63  75  16  78  26  62  86  32  61  13  38  14  27  13  21  76  8  46  97  24  20  69  9  86  16  13  81  95  5  7  
83  15  81  23  40  60  66  6  99  82  42  4  11  98  87  68  84  24  72  59  23  23  1  45  41  94  3  52  38  86  80  61  34  63  66  65  26  3  99  21  65  57  38  13  45  14  59  55  49  89  
9  37  11  30  85  92  83  98  82  80  84  45  65  70  82  47  20  41  94  47  38  52  23  90  99  14  46  69  28  41  74  4  31  20  82  28  72  41  79  73  58  64  80  1  63  35  48  50  53  32  
86  14  40  39  85  6  46  77  30  97  100  100  75  35  80  20  61  55  26  21  58  52  75  61  99  80  56  15  11  53  25  58  34  68  7  85  88  34  15  75  67  41  59  56  50  62  93  62  26  4  
63  35  3  18  62  43  57  74  38  37  38  9  59  42  12  33  69  57  88  54  98  7  48  12  100  55  70  13  48  6  45  92  44  86  100  55  13  85  20  67  66  98  46  16  14  29  98  60  86  7  
93  95  47  29  47  44  87  20  39  76  82  68  73  69  32  17  69  93  17  1  18  18  20  67  68  52  33  47  33  10  88  45  15  66  95  89  67  21  18  2  17  11  37  57  97  25  3  4  89  89  
92  55  18  49  82  94  59  55  48  76  34  18  52  39  83  97  1  31  46  90  85  26  74  84  43  71  41  53  53  10  41  79  27  31  19  76  63  65  33  16  19  46  54  17  93  41  4  17  57  99  
15  34  31  36  17  33  38  65  61  4  34  8  55  50  29  26  44  66  33  1  98  11  32  96  35  17  99  12  5  97  79  23  11  26  44  25  29  55  89  86  68  56  76  91  86  76  24  100  27  38  
30  75  100  77  43  65  47  11  19  87  51  94  90  30  63  98  55  84  6  19  98  77  87  4  52  38  97  20  23  60  90  55  9  78  78  71  6  89  8  100  27  50  69  75  95  69  92  18  82  29  
49  92  71  40  17  91  22  55  38  27  81  24  66  34  53  46  61  67  3  82  38  55  97  75  80  76  46  41  25  71  22  67  41  28  35  31  69  96  78  91  3  98  6  41  17  80  2  61  93  11  
55  8  56  39  49  40  41  56  95  70  59  2  29  39  75  57  56  27  12  17  36  81  27  20  42  65  53  8  47  38  10  50  14  22  44  36  100  90  35  44  81  99  31  58  56  15  51  50  73  9  
22  18  39  38  27  17  86  25  90  80  97  26  29  55  72  52  49  36  86  42  3  92  96  57  100  41  59  81  41  5  55  14  58  97  69  21  57  84  30  31  98  99  59  34  53  9  81  69  60  21  
21  17  29  20  80  88  79  10  17  25  77  52  40  87  34  60  79  99  96  83  78  69  85  63  77  40  59  43  81  48  70  82  56  30  59  48  90  43  26  47  1  66  10  57  68  67  75  66  99  28  
79  1  9  6  93  22  79  26  29  74  30  48  91  93  90  26  76  69  47  48  21  51  90  84  96  98  92  15  27  40  78  78  78  46  42  64  65  75  83  28  79  19  12  79  100  8  43  85  64  95  
44  95  80  38  25  83  5  23  10  87  5  96  83  87  52  76  100  42  22  41  11  37  10  21  39  83  90  97  82  42  82  73  46  42  60  61  67  99  74  1  63  14  90  68  33  24  46  69  26  15  
71  60  70  8  88  21  22  74  79  96  72  75  20  22  3  84  77  22  43  28  68  84  6  63  64  46  11  73  2  42  54  11  65  44  3  25  33  64  38  55  77  8  77  5  19  48  84  34  37  86  
79  28  82  71  90  88  42  19  56  54  36  73  98  24  15  24  81  83  41  87  61  4  76  49  98  36  73  17  88  32  68  16  29  91  3  60  95  83  57  22  4  59  65  16  7  31  58  37  22  4  
76  7  28  78  38  31  36  97  63  70  35  16  52  57  70  69  81  46  74  17  33  2  45  81  94  57  57  58  99  73  12  52  45  48  55  59  15  73  53  35  59  4  91  76  51  41  47  17  70  4  
70  18  26  95  75  83  29  34  66  84  43  45  44  6  39  65  52  21  74  69  52  37  51  13  42  82  3  55  12  74  64  55  52  71  52  73  98  71  95  39  64  19  49  31  69  71  85  50  81  18  
45  24  3  53  88  34  46  68  19  60  36  83  43  6  85  14  93  86  83  3  98  28  74  10  83  79  2  80  61  2  55  63  3  32  58  33  66  82  74  74  69  13  76  32  1  11  57  89  22  62  
25  88  9  38  60  81  39  65  80  7  99  60  97  34  87  26  48  16  88  72  4  8  80  19  5  24  69  20  66  35  28  32  3  99  23  67  23  93  7  79  29  66  39  19  75  26  54  3  29  49  
94  97  59  89  35  87  1  20  32  23  52  82  23  55  20  19  65  90  50  28  14  36  19  70  9  5  37  25  30  58  39  36  87  29  92  33  75  67  80  94  52  80  81  31  58  33  11  6  70  20  
44  52  33  55  99  62  1  99  53  65  63  20  29  18  45  93  15  40  88  20  76  81  87  83  33  58  61  9  81  11  42  75  33  66  51  51  90  18  46  27  41  46  96  96  49  18  69  52  91  60  
41  75  99  35  39  97  83  10  14  11  79  80  79  39  36  14  25  10  3  13  71  72  9  58  94  59  59  100  58  7  28  38  26  24  82  99  28  14  5  65  58  66  54  36  92  88  8  18  86  49  
96  10  60  13  44  13  40  14  67  43  68  26  48  57  79  19  24  16  64  61  49  10  4  35  79  92  42  94  27  25  41  81  15  59  60  82  69  52  83  66  56  39  76  20  13  56  58  71  61  27  
78  12  39  6  13  5  17  80  35  29  85  23  14  51  27  30  29  12  52  15  99  83  91  69  31  23  67  17  20  70  12  9  4  13  19  24  85  86  30  37  48  21  67  69  5  77  23  2  89  24  
72  19  7  88  65  6  58  94  94  89  36  33  55  18  97  17  72  99  17  65  67  94  8  78  20  45  50  14  50  35  39  37  63  73  94  78  1  87  51  43  40  66  54  63  39  48  94  77  77  27  
78  9  67  57  91  31  6  15  48  72  1  76  63  7  62  70  50  100  77  59  78  3  31  47  97  42  16  22  37  84  60  19  58  82  6  47  78  40  44  33  30  92  31  52  62  16  26  95  99  51  
91  50  1  28  100  91  3  5  6  91  16  54  94  31  30  37  10  97  45  66  45  59  95  52  51  38  69  54  42  5  81  11  96  59  69  65  11  82  7  64  53  17  38  75  66  68  12  74  60  94  
22  7  58  37  97  18  82  27  91  57  5  49  100  70  12  82  49  1  20  8  42  1  11  98  43  60  92  32  4  81  62  23  41  27  47  21  38  65  99  59  25  43  70  22  27  96  3  36  48  14  
69  23  28  14  57  69  72  72  79  26  40  100  16  20  12  16  84  7  28  62  59  36  96  36  50  15  27  53  58  87  31  96  2  87  23  91  26  96  25  91  12  37  52  2  42  33  29  59  83  94  
94  88  11  92  52  86  14  14  64  15  71  63  88  87  27  62  3  53  96  37  94  55  97  30  73  58  46  19  18  78  56  55  34  3  49  77  98  49  84  79  14  3  37  86  37  74  65  34  35  24  
14  82  35  11  91  20  53  24  52  21  19  7  51  99  51  53  36  37  33  28  62  46  100  50  88  94  83  45  4  28  71  16  96  87  62  94  82  92  95  4  39  18  28  29  29  55  24  1  14  4  
11  62  20  16  16  62  55  39  60  46  69  73  31  15  90  11  64  97  61  14  63  13  93  90  3  61  69  4  61  24  81  17  30  7  17  49  82  69  50  15  53  91  44  24  48  25  82  22  29  66  
21  23  32  10  37  1  88  87  20  70  50  26  52  95  11  29  57  20  12  91  86  62  1  83  23  2  86  90  65  65  1  87  24  10  25  87  45  52  60  49  76  1  27  17  87  56  83  98  51  70  
62  69  3  28  19  43  100  24  14  43  20  11  35  44  69  47  32  64  39  76  48  43  65  57  7  44  47  61  62  48  98  24  16  52  44  98  100  43  82  67  54  20  31  79  94  20  4  15  31  74  
34  49  99  77  45  3  66  66  17  11  25  78  53  45  53  16  66  60  15  84  92  61  71  20  7  49  38  71  85  41  26  91  24  18  77  93  82  56  55  49  5  54  79  60  92  16  4  72  52  41  
6  2  7  6  12  98  39  25  2  37  42  83  95  32  55  34  90  65  54  37  23  16  92  5  23  61  23  57  19  42  19  64  79  70  4  25  54  84  47  65  97  73  91  34  58  97  97  60  65  3  
50  56  75  30  39  50  45  31  93  1  32  76  99  43  10  1  87  46  48  44  35  68  2  56  32  41  79  50  54  30  56  87  38  34  16  87  99  12  28  2  58  88  62  10  81  91  98  76  21  85  
18  100  67  35  78  24  56  55  32  9  56  20  40  93  14  50  10  37  58  76  38  69  11  45  93  56  93  73  67  70  3  79  26  86  14  80  13  47  76  51  1  52  61  2  29  44  19  94  93  78  
44  50  8  9  63  95  4  71  44  51  41  8  27  37  25  38  88  18  49  10  8  96  27  39  20  62  99  20  58  46  17  37  1  77  35  10  47  70  97  23  65  18  91  82  85  25  2  57  46  27  
52  45  90  6  38  92  53  64  4  98  7  36  55  85  45  97  46  86  2  87  85  1  11  36  1  63  66  75  64  26  60  49  5  15  76  50  91  30  88  97  12  58  14  72  46  78  88  74  71  42  
83  82  85  53  41  59  45  74  74  28  96  75  69  43  42  85  4  12  90  69  42  29  87  25  71  67  43  2  62  49  33  13  52  41  43  49  80  34  86  6  1  41  56  61  83  43  37  43  80  10  
49  48  48  57  2  9  33  39  25  64  95  20  44  6  62  60  87  89  80  82  6  80  9  15  41  22  8  32  78  61  24  98  56  89  57  77  64  23  23  42  50  11  75  44  93  79  12  78  83  5  
96  82  18  57  13  8  54  27  15  58  98  65  8  92  15  77  87  51  42  96  14  78  80  96  16  56  27  92  77  42  10  46  43  74  65  80  67  63  30  56  99  69  24  75  1  60  38  83  19  21  
67  91  62  31  72  33  78  47  13  15  21  83  86  28  79  88  69  79  75  24  78  57  78  93  99  98  92  82  70  87  42  92  4  63  50  84  27  57  51  79  1  53  29  63  81  7  81  42  55  67  
51  36  95  51  33  63  93  95  48  44  53  5  13  72  28  14  76  79  85  46  69  22  35  46  58  81  92  17  58  100  9  39  66  35  44  21  41  82  65  44  5  29  23  37  31  52  19  34  25  84  
