150
22  43  49  58  62  48  68  36  73  87  15  98  59  51  59  70  36  49  4  20  97  15  84  39  64  9  81  21  25  91  10  96  29  51  49  43  55  38  70  18  40  68  61  63  6  1  25  47  58  24  21  74  44  15  99  4  64  59  48  5  33  100  48  29  49  4  3  96  21  30  6  38  91  46  17  62  56  67  51  23  95  58  21  88  29  82  71  15  73  74  72  94  52  21  32  57  68  30  70  37  84  34  53  33  67  99  64  29  32  91  84  1  28  45  74  3  9  100  55  35  68  44  93  2  16  61  38  59  39  5  80  64  69  38  27  86  73  45  31  86  99  56  92  55  64  37  88  35  76  45  
10  67  26  45  49  9  75  13  55  94  65  16  82  23  67  92  42  58  91  1  29  77  80  90  42  65  53  68  100  22  46  96  71  27  21  21  35  97  33  11  78  37  40  1  48  60  94  31  73  64  67  64  95  30  22  89  50  57  27  14  62  22  6  8  100  73  58  100  19  70  62  59  28  81  59  49  69  50  1  47  68  5  2  43  84  39  23  74  17  96  39  48  23  91  79  98  89  86  67  50  4  56  72  21  69  30  23  45  44  10  39  24  73  25  67  52  96  45  54  80  97  43  89  51  10  85  55  93  44  99  25  80  41  100  83  30  2  18  55  37  19  30  36  74  51  100  62  76  4  49  
53  61  14  74  73  64  86  33  9  58  36  16  41  96  84  35  11  28  97  99  5  55  85  46  68  36  91  45  96  76  9  29  100  26  84  80  45  94  99  26  97  71  91  55  27  41  8  56  60  37  22  46  47  65  45  46  58  59  22  24  14  80  19  57  3  2  85  98  35  67  100  3  74  54  68  53  30  82  82  81  97  24  7  61  66  47  21  46  23  7  67  31  82  19  4  61  49  70  42  32  58  58  100  35  76  24  67  73  31  12  21  26  61  21  44  28  37  48  2  82  34  84  30  66  49  43  1  47  95  50  100  75  69  60  12  2  2  21  65  56  32  66  32  48  68  12  48  36  20  44  
49  53  42  86  60  64  46  39  72  66  53  77  67  73  43  67  61  65  82  81  84  65  31  50  35  23  44  36  59  18  65  81  83  62  89  82  75  79  73  90  13  30  93  16  69  37  4  58  45  78  41  68  37  71  70  65  18  8  67  7  16  89  64  5  32  86  62  2  62  95  18  64  27  4  84  34  63  21  55  48  84  39  96  14  36  93  4  97  49  65  76  16  1  44  22  63  87  84  85  42  91  56  81  97  99  68  28  31  14  23  72  39  79  85  28  51  84  85  11  80  15  87  3  50  84  5  68  32  77  6  46  68  34  35  45  96  64  78  69  52  20  34  56  1  79  73  88  21  91  48  
47  55  89  86  2  81  52  6  25  77  85  42  62  47  14  20  92  19  11  80  57  92  34  94  2  45  65  74  75  100  33  2  22  67  38  53  49  31  61  88  51  32  24  70  79  81  51  73  52  92  44  41  15  36  100  60  77  95  96  91  10  73  36  66  75  100  83  96  63  82  51  98  77  62  40  45  83  92  27  16  5  17  86  93  64  40  66  74  25  44  35  42  91  78  41  5  59  88  59  76  66  67  89  86  75  62  96  12  20  14  47  98  1  79  27  36  67  82  40  35  54  5  25  26  22  14  19  68  94  94  69  54  7  22  10  53  96  6  52  93  4  98  19  67  79  47  17  21  41  96  
10  78  46  4  7  50  4  29  56  89  75  6  91  28  1  94  37  48  12  84  68  75  48  32  61  25  73  80  1  85  80  7  18  86  32  69  58  71  22  93  92  75  83  77  76  94  6  66  67  76  40  30  74  91  12  93  50  17  77  78  53  86  98  9  41  43  50  14  77  98  71  79  68  55  65  27  84  49  23  15  84  25  85  54  65  50  66  4  29  48  45  55  94  84  54  71  80  99  99  41  30  6  14  84  52  77  45  31  52  57  6  99  58  45  11  60  60  18  8  9  85  78  25  26  36  55  72  8  39  58  49  75  39  57  54  57  90  36  54  43  29  64  85  67  64  12  44  38  61  59  
43  41  92  71  61  85  45  72  100  30  81  99  83  100  5  67  71  49  52  87  42  11  23  86  92  63  78  64  1  38  87  86  80  88  51  94  92  41  39  3  20  40  28  10  82  29  61  4  58  33  32  56  72  84  18  42  48  25  57  43  78  28  8  79  59  7  21  73  47  78  85  74  84  14  2  57  12  9  15  100  32  67  52  8  5  64  46  51  38  90  12  22  57  41  31  25  50  96  40  34  40  51  22  41  47  29  61  17  15  42  35  39  50  13  24  27  54  48  5  3  52  73  53  83  71  80  14  23  67  22  33  78  21  17  15  34  30  14  8  6  85  9  32  63  79  66  58  14  15  28  
28  28  80  79  89  72  79  62  88  83  53  41  78  98  2  26  96  98  14  11  45  56  11  13  65  29  57  65  27  83  93  28  96  74  24  44  39  10  45  43  72  59  49  89  51  19  71  18  73  23  64  29  82  87  45  16  15  52  19  79  27  76  39  66  64  68  25  82  54  65  94  97  1  6  3  49  2  25  35  53  71  27  97  26  56  6  78  69  35  63  10  98  60  33  47  57  77  41  22  88  78  12  8  79  69  22  40  94  47  90  60  19  38  90  24  38  54  50  61  52  75  35  33  50  54  36  7  77  20  83  57  93  8  22  93  29  45  80  32  58  55  88  16  44  74  63  18  16  77  9  
19  12  99  31  48  2  73  18  91  36  38  98  6  42  63  51  24  99  84  87  91  90  61  81  92  57  51  94  85  16  50  53  80  36  11  80  98  55  64  24  96  97  40  86  91  15  64  24  3  15  68  67  18  20  66  45  4  69  70  76  37  63  90  45  84  60  46  48  68  27  25  15  32  75  15  75  26  44  24  65  97  47  96  61  45  57  96  6  57  9  49  4  80  7  67  49  48  31  7  29  65  77  47  67  87  74  46  77  87  69  26  64  23  53  94  75  41  80  40  34  55  24  69  99  94  31  55  1  28  8  90  99  21  67  90  6  11  10  82  49  47  62  26  7  7  97  19  57  95  83  
41  75  95  2  2  32  29  86  75  50  59  33  39  25  68  6  86  89  56  47  72  78  85  85  18  63  16  75  74  80  21  12  43  41  90  26  88  95  59  61  7  71  3  55  17  39  63  74  46  9  71  87  3  99  11  70  15  54  6  49  32  62  88  29  38  13  30  31  47  94  59  57  87  68  28  97  41  26  6  51  72  87  38  72  46  92  21  91  95  8  63  5  16  47  46  79  28  40  7  88  73  32  9  22  99  87  57  1  41  1  23  27  36  90  91  19  10  11  98  78  52  61  46  12  46  26  84  52  64  56  36  20  41  6  48  85  38  53  32  57  60  67  98  11  32  9  43  41  92  99  
16  93  18  80  21  77  82  47  43  76  85  39  19  70  78  79  24  20  97  8  47  33  98  59  73  16  53  24  5  65  83  34  36  38  7  59  3  5  85  52  54  16  23  98  13  69  29  45  19  15  9  88  84  36  35  82  24  24  83  63  13  41  17  65  91  13  25  75  84  1  37  43  31  46  22  29  12  67  9  22  6  6  35  61  86  5  38  30  12  98  2  43  1  81  28  54  55  53  45  28  23  5  1  85  85  48  8  83  98  48  74  60  92  6  13  47  88  64  29  86  72  59  31  20  70  21  90  4  94  70  34  34  98  52  78  66  42  49  76  23  82  87  51  77  91  94  63  21  36  29  
73  58  28  93  5  61  37  79  5  98  58  27  53  19  69  75  24  41  66  58  61  85  63  81  49  99  66  36  76  89  55  51  75  59  52  80  57  70  90  43  5  63  48  79  8  9  86  36  70  56  16  34  9  81  71  78  58  4  56  1  28  88  53  39  24  25  17  34  83  22  35  85  85  27  77  99  62  45  85  18  72  33  40  88  72  3  55  21  97  46  53  96  96  52  18  50  77  17  15  25  14  31  52  76  37  76  72  16  10  3  9  66  100  76  92  67  84  18  79  50  71  35  6  4  96  71  52  31  94  26  67  96  66  73  70  86  13  69  38  92  54  64  4  26  83  84  97  16  83  95  
30  83  83  65  95  49  6  37  23  58  98  8  15  18  44  3  10  49  24  35  16  49  25  18  81  29  94  11  28  7  52  51  32  11  49  80  52  99  32  70  37  49  62  71  67  33  92  58  31  21  84  78  3  24  2  50  74  15  9  48  24  32  54  57  79  83  20  85  56  29  45  12  73  10  55  57  60  76  47  40  88  6  27  87  46  87  64  94  52  16  87  99  81  75  89  76  65  90  2  47  83  37  87  61  7  30  50  4  72  2  4  52  58  46  42  49  74  77  10  83  19  24  99  80  37  18  51  25  1  82  99  84  42  49  23  10  92  50  18  65  89  75  2  66  60  94  85  57  53  84  
14  96  35  41  30  34  3  93  1  66  69  40  63  51  92  15  49  42  54  82  36  45  48  22  73  92  47  22  3  25  79  13  72  16  71  84  31  45  36  6  99  89  26  71  26  87  2  77  66  47  52  74  64  2  42  58  84  63  91  30  27  58  36  10  36  31  61  55  68  51  53  88  48  99  84  20  65  65  92  59  85  5  98  54  24  60  9  80  38  47  70  24  1  54  42  51  10  12  79  57  33  64  11  23  22  33  54  90  15  53  88  47  97  88  54  75  15  97  39  62  40  79  10  52  1  99  33  50  26  18  24  55  85  70  77  18  63  25  58  89  89  2  69  26  77  18  96  75  5  6  
22  90  35  13  82  79  11  34  11  42  65  65  28  59  99  22  76  88  99  60  52  64  83  99  64  15  46  12  91  74  92  63  35  20  37  59  70  62  86  40  63  50  4  52  38  49  71  46  92  29  99  26  14  60  24  31  77  29  59  94  4  94  3  4  23  2  91  30  44  19  73  69  71  1  21  75  43  9  20  29  60  69  93  90  100  79  56  63  36  45  5  23  49  56  24  52  87  77  38  40  70  26  7  90  19  10  24  99  91  82  69  17  45  42  99  30  51  66  9  81  75  32  4  86  7  64  60  79  10  73  43  44  80  36  98  95  87  46  92  71  50  95  33  24  99  89  97  77  86  43  
19  94  13  48  91  74  7  8  15  23  81  37  29  7  45  73  88  57  75  6  72  20  60  69  86  33  66  87  36  25  53  35  77  21  90  72  56  80  85  16  28  82  44  83  25  74  88  87  98  48  5  10  71  78  74  47  10  83  78  8  19  66  83  98  6  89  8  24  53  60  19  85  13  30  10  45  51  65  67  75  87  87  47  52  20  67  26  92  31  42  28  10  71  50  36  60  59  84  35  65  57  21  24  82  73  94  36  45  91  19  85  36  82  78  100  43  59  88  93  3  83  31  5  98  81  97  86  55  67  51  88  6  98  69  30  18  37  25  58  82  10  29  67  73  28  65  15  77  66  49  
97  53  94  78  88  52  87  71  63  1  89  52  35  63  10  4  77  53  24  70  24  51  92  83  93  87  74  89  71  43  70  2  36  90  31  53  98  66  32  14  18  99  32  60  96  49  17  38  9  52  76  2  74  17  28  61  94  42  6  17  53  25  71  84  50  34  51  14  47  59  68  93  4  74  74  25  32  23  55  99  63  75  54  31  7  44  9  66  76  80  60  93  16  84  56  95  31  28  49  98  74  29  98  94  6  53  45  11  31  53  29  86  31  7  42  20  50  17  22  58  26  68  98  16  67  39  99  16  14  24  75  68  66  32  69  83  95  94  92  44  44  25  55  18  17  46  71  8  28  7  
18  93  95  62  25  69  81  95  21  48  43  18  4  45  1  12  36  65  30  70  57  38  88  45  66  65  57  95  99  93  77  64  100  52  67  75  94  3  71  46  11  23  64  87  1  92  84  46  69  44  64  26  91  17  90  53  96  19  10  82  31  58  87  94  55  10  74  72  39  76  36  14  82  46  13  31  97  44  10  91  100  13  69  3  70  8  3  30  26  23  91  36  16  78  64  67  10  93  30  57  29  54  19  96  96  7  77  42  99  2  13  57  49  89  78  79  81  46  50  33  16  23  72  23  87  25  45  89  52  4  82  74  83  91  98  14  49  97  86  95  1  68  23  23  95  10  98  82  28  15  
22  68  27  37  21  56  58  43  69  87  72  63  20  30  55  100  71  25  67  100  32  70  21  33  31  71  29  100  44  57  17  53  35  53  66  43  65  10  48  24  98  96  36  48  83  47  31  16  54  42  27  52  36  37  64  32  8  64  35  10  24  9  45  75  72  36  65  91  93  96  45  32  70  28  86  38  97  49  89  50  62  85  29  3  10  91  2  46  1  68  6  69  16  38  76  82  64  71  77  86  52  55  6  52  36  72  31  19  13  32  90  49  18  16  15  66  3  36  98  18  87  58  38  58  84  45  37  82  84  74  88  89  60  9  84  95  17  24  39  35  67  49  30  9  8  100  4  77  77  93  
42  14  31  14  93  15  24  60  57  94  26  26  3  73  32  42  76  42  10  63  33  93  77  70  24  52  100  21  92  43  85  7  59  67  78  11  30  94  6  89  98  82  58  36  59  29  26  40  65  73  88  42  40  98  63  64  60  70  68  69  41  50  21  34  88  44  24  80  59  12  71  27  50  40  22  100  69  54  77  46  37  43  84  11  96  36  16  68  50  65  86  72  86  33  31  3  12  66  22  56  74  49  54  40  34  37  74  4  80  54  29  40  96  6  26  66  25  85  48  30  29  58  98  48  15  71  76  39  84  81  58  77  100  63  36  50  88  100  14  3  94  35  58  69  9  75  24  55  74  38  
73  80  7  92  13  60  58  2  29  37  3  4  82  27  20  74  47  10  98  55  76  55  39  76  44  17  7  44  15  80  31  80  37  50  82  32  31  80  20  76  22  53  74  50  79  63  56  24  45  100  2  75  31  7  41  87  2  33  13  66  15  47  62  82  43  44  91  57  100  63  82  56  88  1  21  37  73  2  45  54  33  66  66  31  29  48  56  23  17  39  74  64  22  71  36  2  58  87  100  92  25  56  80  20  88  69  61  23  2  76  86  20  71  61  95  17  22  40  68  55  24  80  16  36  52  48  38  46  50  53  82  64  97  33  26  12  38  78  6  65  72  36  55  62  61  48  39  76  91  36  
86  66  36  75  100  46  99  44  17  81  2  35  55  82  42  35  79  18  32  17  8  21  44  63  96  25  38  60  33  9  20  56  94  80  83  97  52  71  60  44  77  98  42  6  88  43  95  62  6  89  61  12  10  49  40  56  56  61  7  22  95  76  50  96  78  91  52  68  51  31  60  71  53  60  69  34  18  37  96  73  74  24  10  60  36  72  98  95  24  66  73  30  58  34  41  77  34  99  48  50  34  98  76  76  61  25  58  88  91  87  100  94  55  48  64  27  58  54  99  14  66  9  47  57  97  8  58  56  90  79  9  6  73  46  39  44  12  22  96  66  98  86  7  17  6  92  90  50  51  38  
30  66  39  37  45  97  68  25  43  85  11  1  35  67  84  56  100  34  63  14  88  20  79  79  11  25  27  57  40  16  33  37  44  58  43  59  45  5  20  44  35  43  39  5  96  45  19  58  25  60  68  87  38  21  44  89  46  63  79  97  88  49  97  88  69  71  10  73  28  27  63  84  37  44  40  6  85  53  79  37  89  80  58  45  99  67  56  84  59  60  22  22  43  51  81  74  6  93  35  10  58  44  90  100  46  56  85  15  71  72  38  11  72  44  2  40  37  32  13  34  27  95  10  62  59  51  49  41  86  32  95  44  10  8  20  97  95  24  81  57  19  90  13  87  82  22  69  39  12  22  
51  83  45  99  47  53  88  46  81  40  52  29  68  99  19  31  50  22  71  85  36  45  90  65  70  90  80  55  69  1  62  30  56  71  97  93  58  72  33  13  25  13  64  7  32  49  94  86  45  69  46  40  69  27  64  73  37  36  23  88  96  85  65  11  73  60  12  70  68  55  16  78  80  20  44  24  13  99  58  63  57  12  59  48  53  84  82  51  56  43  61  96  24  68  8  41  1  89  94  85  73  20  46  37  93  46  16  2  45  34  42  82  99  94  31  25  28  24  10  21  45  79  14  18  11  80  75  30  97  39  46  4  87  88  58  64  12  3  55  16  4  10  55  71  79  86  37  56  66  83  
51  23  38  77  66  3  59  22  57  11  42  2  43  72  18  89  58  30  30  29  59  20  76  59  57  39  88  44  79  66  41  97  51  3  28  73  29  57  18  60  10  90  57  51  49  16  34  82  34  44  93  8  83  66  25  68  54  48  18  87  80  86  4  33  35  91  9  45  48  16  53  51  6  13  70  7  57  2  26  67  92  25  17  44  26  17  40  27  9  7  48  25  90  43  41  84  75  87  1  29  77  35  48  78  17  59  21  28  34  78  36  17  7  29  75  36  79  27  92  21  92  25  42  58  56  32  99  35  69  71  34  35  75  81  58  13  10  42  58  48  84  41  46  82  6  62  1  64  32  65  
100  62  97  52  100  54  24  44  59  84  4  16  57  63  84  56  14  34  47  18  53  32  34  5  97  16  72  92  7  10  71  75  74  78  100  34  59  55  94  84  89  52  61  40  58  94  90  12  47  87  45  61  18  53  31  82  83  89  68  75  90  47  42  88  57  87  57  25  51  60  20  62  20  42  87  37  93  32  26  31  94  36  47  99  55  44  72  28  40  48  57  72  16  16  99  10  37  24  65  57  76  18  1  55  72  35  37  66  36  54  43  7  34  37  85  8  97  86  3  2  35  83  51  85  41  39  36  7  75  11  81  54  32  39  4  47  12  60  94  48  82  80  86  98  87  6  6  93  64  30  
99  29  39  36  25  44  92  61  76  2  15  84  72  61  29  38  34  41  97  87  67  5  89  57  99  24  75  42  59  84  94  35  99  23  52  41  74  4  61  56  81  74  83  60  67  100  52  18  72  89  12  14  88  58  91  86  1  71  36  62  46  7  38  64  6  69  89  82  100  88  53  93  45  72  89  73  45  67  81  32  58  46  34  26  81  86  2  48  60  83  51  44  49  77  8  33  69  23  82  31  67  61  18  49  59  54  52  31  3  91  37  11  23  75  47  17  65  29  30  2  4  49  99  97  84  75  84  72  54  43  13  65  95  74  15  84  39  16  90  97  44  43  31  18  15  5  81  60  41  10  
1  38  74  93  48  82  25  94  6  13  29  29  14  3  15  75  96  77  33  15  62  91  18  95  10  66  98  65  45  43  3  23  32  90  66  26  74  45  43  7  80  52  89  51  84  53  57  56  47  49  43  31  67  37  23  15  63  72  91  34  30  95  36  29  86  90  92  41  30  74  87  76  91  12  62  81  40  63  26  79  27  70  14  15  69  10  66  12  80  86  93  100  11  54  80  50  86  42  84  31  14  53  4  16  37  11  39  52  73  55  41  17  7  17  70  65  49  99  35  36  61  37  38  2  41  2  20  64  46  67  46  82  79  57  5  23  68  75  98  99  26  91  91  88  73  66  26  23  11  17  
88  9  40  85  44  60  49  33  55  78  58  96  69  6  14  99  45  84  90  86  82  42  42  53  54  28  13  18  89  74  51  35  76  7  32  12  93  97  41  80  60  42  28  16  29  3  60  6  38  67  68  35  40  10  61  18  40  14  92  21  23  1  57  42  87  68  33  21  51  6  35  72  45  44  1  50  17  35  2  5  29  37  37  40  78  31  11  93  81  16  49  84  78  49  14  19  66  96  70  28  60  8  43  4  1  71  4  68  83  12  3  66  37  52  57  1  23  82  96  61  8  6  49  99  72  78  31  9  43  21  99  24  33  14  20  99  29  4  94  35  100  90  28  44  65  1  14  29  55  33  
16  24  66  95  38  85  41  15  19  49  1  98  46  29  76  49  81  81  49  2  16  70  64  19  20  55  23  87  92  10  45  96  78  82  72  81  10  60  44  88  20  54  67  47  63  50  88  72  60  68  54  36  11  26  82  46  35  2  42  8  20  52  72  48  35  56  42  51  35  27  50  31  29  1  88  89  64  65  49  58  24  17  82  51  44  59  35  32  3  6  55  33  84  63  71  42  16  57  79  29  27  7  56  70  15  31  91  92  50  49  25  37  19  37  16  69  22  74  93  64  53  82  49  94  28  29  75  92  73  97  27  52  35  11  65  75  20  73  69  100  96  70  91  36  63  64  51  75  2  41  
93  25  80  1  87  14  21  28  13  10  52  54  55  26  19  8  19  56  79  54  94  31  84  11  46  56  57  29  17  89  3  36  40  40  13  12  76  29  10  67  7  30  54  81  89  91  73  100  21  99  89  64  27  88  56  26  23  69  91  30  16  1  64  55  64  73  72  60  85  6  76  81  1  59  76  88  69  87  76  61  81  19  59  19  91  43  21  87  80  95  44  60  63  38  66  60  92  67  60  47  41  15  7  3  35  38  43  16  74  70  49  39  56  1  62  32  10  81  17  87  60  65  57  19  39  64  1  28  17  22  84  48  62  43  38  67  100  29  76  24  59  48  14  49  96  14  100  14  24  84  
14  54  39  89  56  96  55  25  58  82  67  43  18  9  70  6  52  73  52  2  82  90  88  53  87  94  73  63  90  82  13  81  4  58  11  34  15  24  6  77  30  90  98  88  85  39  42  12  93  76  78  76  84  38  31  29  26  49  6  84  11  10  2  95  98  26  7  78  34  18  52  77  76  63  5  71  91  82  1  98  47  80  45  54  98  53  64  61  56  6  47  61  5  89  79  12  36  70  83  71  95  74  62  2  76  48  62  9  92  24  78  38  47  39  58  44  69  40  88  11  59  60  49  94  92  37  13  20  39  66  6  37  27  12  14  97  75  3  81  3  84  90  66  69  69  17  36  89  29  63  
48  42  93  26  91  90  79  81  66  39  86  6  29  36  54  96  46  5  44  86  59  49  79  9  83  90  80  77  24  18  42  85  64  68  78  85  84  4  73  32  9  57  36  9  1  57  56  53  18  48  14  51  55  39  36  66  55  36  35  9  8  69  94  89  17  82  98  100  86  82  19  80  85  79  4  83  59  74  76  92  9  63  65  79  80  27  58  6  58  12  2  56  60  27  75  41  97  33  11  49  47  82  94  96  77  40  11  46  22  16  13  8  91  3  77  95  50  37  42  59  10  33  12  11  71  85  60  87  62  100  51  11  89  30  74  22  70  2  76  47  58  50  17  93  50  100  77  44  56  5  
74  20  7  19  30  90  59  57  95  72  12  54  94  77  70  87  79  90  33  16  12  100  21  94  34  27  70  6  89  55  55  61  92  13  93  30  34  51  100  87  45  74  4  86  8  76  19  70  38  18  11  15  57  73  65  98  21  11  18  97  44  93  38  5  91  34  14  43  52  28  43  65  85  62  37  60  33  50  60  47  14  41  23  3  93  17  39  78  58  9  21  3  69  96  18  30  57  84  38  75  45  37  84  63  1  57  40  6  69  4  97  78  22  8  75  55  49  14  6  97  93  59  29  32  99  54  31  62  28  100  15  97  24  74  42  30  17  45  21  1  50  58  16  45  77  22  68  60  5  58  
26  14  90  78  86  64  47  57  21  78  66  98  17  39  4  32  92  53  98  69  83  34  50  80  90  57  38  67  93  37  80  89  48  91  4  17  23  87  71  66  8  82  20  23  26  50  66  76  92  49  79  26  8  91  26  27  54  34  19  65  89  6  96  75  3  15  64  9  16  60  8  22  94  61  52  78  86  62  11  23  74  53  56  7  33  44  35  31  99  10  40  85  18  2  87  58  69  37  43  46  41  42  62  25  73  53  90  6  92  47  30  64  83  81  30  44  59  39  90  52  84  47  57  96  39  29  91  41  27  46  25  30  80  11  56  21  91  60  25  79  97  38  76  29  66  81  76  34  99  40  
36  3  24  22  15  46  93  98  69  89  28  5  89  22  48  99  69  79  56  69  14  91  99  17  89  92  44  34  84  10  25  44  1  87  96  78  93  6  34  77  3  88  36  28  80  24  38  16  33  19  73  97  87  53  67  79  21  96  78  95  10  41  38  16  36  93  89  12  16  74  100  67  58  48  41  58  99  63  13  81  27  94  90  82  91  50  67  70  18  29  16  84  42  83  35  64  72  55  14  27  14  1  89  92  19  78  15  53  76  62  11  20  46  17  87  85  100  47  7  24  88  89  17  5  77  75  23  79  94  9  86  21  30  64  98  17  76  40  8  52  22  51  70  5  21  59  96  5  100  59  
3  23  89  83  34  76  27  27  70  52  79  10  35  24  9  14  73  37  74  18  63  7  83  56  42  88  26  30  95  25  13  96  85  77  71  97  87  1  99  4  69  87  86  70  79  2  5  10  90  52  30  34  6  31  30  99  1  33  55  75  29  91  34  46  31  73  100  19  13  82  68  18  40  8  92  92  74  7  10  41  64  93  27  28  46  64  76  89  77  84  32  57  77  63  9  65  10  12  70  89  85  94  25  51  65  56  19  18  18  12  43  94  98  75  51  100  8  1  18  60  53  87  40  65  70  23  46  68  57  82  16  3  78  73  17  76  68  56  94  53  2  78  53  92  91  47  3  27  61  34  
36  60  17  33  38  71  44  4  36  25  27  85  91  49  13  100  95  73  8  40  27  40  21  30  33  61  23  2  73  4  47  16  90  5  96  15  37  40  5  77  77  54  79  16  77  87  47  95  1  13  13  25  63  31  66  42  46  25  15  25  64  65  55  22  15  16  32  90  29  65  12  53  21  16  81  45  42  83  24  22  69  78  10  26  25  56  59  86  72  62  15  26  31  82  63  3  51  62  17  81  73  50  59  72  82  100  18  36  4  25  64  45  4  60  43  20  28  56  61  5  82  22  18  21  46  18  7  60  6  27  67  12  53  17  21  85  79  8  49  93  30  76  68  46  8  100  46  14  78  30  
61  100  49  37  22  40  50  99  15  51  4  38  59  40  99  26  94  82  70  42  84  69  60  61  46  54  25  63  71  1  76  13  21  61  84  5  21  72  99  83  7  2  65  99  6  74  11  61  49  15  62  28  80  34  94  95  35  55  92  94  72  68  53  16  78  93  3  85  16  18  15  64  46  29  13  10  31  13  59  63  39  59  18  18  91  3  5  84  91  47  17  74  13  7  38  85  29  29  56  88  28  6  25  30  18  34  12  61  8  23  90  11  14  9  55  66  88  43  94  69  24  8  62  29  15  93  76  17  87  75  45  81  84  42  36  34  4  67  70  8  55  21  72  14  71  92  55  47  96  41  
28  12  28  74  9  88  66  45  49  44  15  81  21  18  100  77  41  83  23  41  30  17  48  77  25  92  10  40  66  80  30  99  28  81  47  86  97  98  96  97  37  78  7  62  88  41  87  65  98  8  76  80  38  56  76  49  53  19  98  5  44  16  61  12  57  41  53  19  51  34  13  34  83  8  53  16  81  98  41  53  49  51  12  92  50  54  89  34  25  79  44  86  26  24  15  2  90  13  41  57  23  23  46  11  40  76  14  6  89  58  14  84  57  16  69  66  52  77  1  35  41  76  94  66  51  34  8  95  59  73  54  96  86  61  59  22  66  46  20  77  50  67  15  39  96  8  94  80  39  10  
88  14  19  11  29  47  62  40  40  38  100  39  4  60  86  11  59  85  73  7  68  84  55  80  93  68  97  1  53  26  92  79  17  87  74  89  4  83  64  42  13  8  56  31  52  84  26  43  19  14  93  63  16  25  6  90  83  77  59  69  43  7  63  66  75  84  65  42  59  74  61  67  32  73  2  83  23  60  28  21  85  69  16  55  99  38  19  13  36  77  97  7  60  36  64  88  98  10  69  2  49  71  22  33  74  16  37  92  99  88  46  70  27  98  67  39  52  99  39  47  78  27  7  5  36  45  82  98  25  51  65  26  19  53  1  8  2  90  35  58  22  43  46  34  24  34  49  34  73  51  
29  19  97  30  67  76  18  70  28  12  33  87  49  50  2  31  28  6  17  36  64  97  52  15  86  38  18  48  83  36  95  22  18  3  39  53  15  38  29  12  96  70  64  10  51  50  69  69  64  46  35  80  14  50  74  54  89  54  85  90  43  50  26  83  42  21  70  56  47  14  87  1  7  45  56  73  84  30  24  46  35  61  98  11  36  1  52  45  86  12  8  88  85  88  94  58  1  8  30  34  34  58  55  84  52  85  6  98  98  61  7  9  69  18  11  66  36  23  51  39  59  11  50  7  47  84  87  5  36  73  67  39  94  9  3  26  9  92  5  77  10  48  91  6  52  22  69  14  89  39  
4  49  52  24  27  8  36  80  48  42  14  29  72  47  9  55  29  48  60  25  52  94  6  94  35  41  35  65  14  70  9  72  64  77  90  22  24  97  82  67  52  47  87  12  57  86  38  28  53  78  13  41  38  1  17  28  28  18  93  93  53  5  79  99  75  88  68  43  20  43  84  53  3  21  26  40  39  39  36  75  37  74  52  85  20  62  90  11  85  85  19  10  13  37  76  68  14  37  94  94  91  40  50  89  30  29  46  60  57  40  59  99  84  28  82  60  70  65  97  2  36  56  75  81  7  12  86  99  68  38  42  45  68  2  22  72  57  68  86  53  74  97  77  97  12  39  45  38  46  66  
48  8  19  83  41  64  5  49  49  60  67  41  47  56  35  38  48  13  62  21  73  94  63  80  26  62  91  31  69  29  34  49  83  10  34  69  47  70  27  29  87  88  60  17  36  88  9  50  59  3  39  49  38  20  3  19  78  17  70  90  91  75  52  18  13  65  46  59  8  11  4  31  49  9  74  45  31  46  65  69  86  51  15  82  53  27  24  53  39  96  50  17  41  58  28  46  99  3  48  16  19  85  42  40  47  57  44  83  31  65  98  24  93  7  67  51  95  14  33  100  77  70  87  26  19  9  11  11  39  59  20  32  21  74  25  89  90  45  6  84  41  95  37  56  65  76  75  70  100  21  
2  58  30  39  48  27  30  15  15  18  4  44  4  29  28  18  100  94  87  20  29  35  96  88  46  35  94  19  41  55  62  91  9  30  29  94  2  23  99  59  28  79  96  22  42  52  5  81  61  86  68  17  59  45  7  80  14  94  91  92  28  98  23  45  69  99  58  68  26  94  33  39  18  90  44  59  41  72  51  13  71  30  80  66  26  81  35  15  90  45  72  23  87  53  59  74  70  42  82  8  16  60  21  42  23  24  66  68  38  1  49  36  34  30  77  14  34  10  54  75  48  58  44  73  78  43  84  56  49  59  7  97  61  57  95  61  41  4  90  86  71  10  58  14  13  69  82  87  83  96  
12  41  15  90  10  49  36  11  50  22  18  60  65  60  77  37  25  40  88  2  77  31  58  47  65  8  88  59  4  15  59  1  54  82  25  47  19  25  21  90  73  60  98  74  94  67  66  28  99  3  71  33  16  48  85  95  66  46  78  92  33  65  42  72  27  67  10  21  66  100  81  46  62  82  63  19  5  37  89  83  11  88  50  47  76  8  21  43  7  97  3  32  65  26  95  29  100  11  84  11  58  43  30  64  36  58  77  10  75  40  82  30  36  31  17  2  21  51  83  30  66  82  49  11  36  46  82  92  17  97  53  71  31  73  22  77  54  44  98  19  74  67  75  81  61  30  68  30  95  80  
35  10  70  89  76  17  53  47  82  4  6  20  36  95  44  56  95  26  56  30  46  50  68  30  61  76  24  36  12  92  64  78  24  70  86  65  29  44  80  46  22  77  59  1  59  58  30  26  83  27  60  93  39  34  4  14  25  90  62  29  78  61  7  70  85  82  34  19  24  39  49  88  16  75  81  93  41  29  57  63  36  5  25  28  17  62  27  86  63  61  1  65  16  93  18  52  52  5  2  15  79  12  56  71  9  49  89  87  86  76  5  25  10  74  65  93  11  66  63  11  97  43  31  80  5  75  47  44  2  86  42  29  82  70  18  66  48  74  94  31  81  1  44  24  20  12  56  13  49  52  
70  59  56  59  64  64  58  97  28  10  70  1  29  10  17  83  9  60  31  67  60  80  98  52  28  52  98  67  16  89  97  81  84  17  5  57  36  92  2  60  74  82  68  30  44  72  70  75  86  89  87  44  33  65  47  86  74  14  42  32  30  95  71  97  67  37  63  23  84  1  9  17  19  3  65  74  31  41  14  78  56  58  41  23  43  83  15  9  80  98  41  67  75  2  94  1  17  79  89  12  21  21  74  82  43  76  36  2  48  44  68  54  54  26  23  65  98  63  38  32  10  92  48  43  27  70  77  24  50  28  82  64  81  56  100  74  63  90  29  50  6  21  5  61  9  87  61  10  7  78  
58  29  11  84  68  62  92  78  28  21  40  55  18  26  60  41  34  87  82  39  36  93  92  33  33  90  74  45  99  36  4  25  60  50  43  94  90  53  24  53  24  90  15  17  8  24  10  85  8  78  10  8  29  21  18  8  79  71  74  22  44  16  46  49  22  65  49  83  71  64  73  99  59  91  53  82  14  75  47  97  43  2  7  74  29  41  68  35  97  98  73  39  15  24  51  52  39  90  29  85  60  18  73  56  28  30  94  63  34  32  15  63  56  9  63  60  95  12  6  97  65  42  85  76  64  91  36  100  21  30  49  52  77  95  26  97  57  55  94  49  2  22  22  37  52  32  3  8  49  7  
4  70  88  85  7  99  37  76  8  70  17  92  96  51  63  86  26  67  46  87  11  28  5  35  1  52  60  66  29  98  52  48  72  50  38  9  89  90  64  1  42  37  100  77  2  71  16  6  49  15  98  67  92  42  84  91  93  65  42  94  76  9  15  43  54  86  50  25  100  47  68  69  89  82  40  56  70  31  61  32  29  35  80  85  44  27  69  54  39  18  22  38  46  44  48  96  72  96  7  14  100  91  64  75  75  29  72  90  70  37  43  36  14  61  13  53  48  95  99  99  16  61  37  9  81  93  27  3  13  74  83  80  56  68  27  49  93  69  58  81  10  28  39  11  61  36  47  66  6  50  
22  78  3  21  94  56  91  98  39  63  87  44  76  69  16  32  68  81  34  82  88  5  6  85  7  33  29  44  8  49  76  13  81  73  60  32  87  99  27  88  22  75  9  71  74  50  23  42  53  68  45  80  90  80  20  65  44  60  27  36  3  27  56  29  26  44  92  12  74  42  81  23  17  46  5  72  60  37  73  83  21  38  8  27  98  10  8  1  27  15  47  54  82  9  10  24  89  73  43  84  20  48  58  2  60  45  70  15  89  21  6  72  61  69  22  72  1  21  26  13  5  27  77  21  66  64  26  7  40  85  35  3  63  10  99  63  85  38  92  80  94  61  94  84  90  28  52  83  81  61  
39  11  72  61  14  56  95  47  63  68  1  5  34  79  5  29  50  57  18  21  55  32  55  46  20  69  96  18  53  87  37  55  51  4  89  99  81  70  79  5  34  15  89  88  43  69  9  21  62  81  9  50  49  43  47  98  17  97  23  95  76  81  43  89  19  5  53  55  71  27  57  76  91  88  33  58  2  95  33  60  77  96  55  49  84  6  100  78  93  19  25  80  84  24  84  55  92  97  2  26  53  83  16  15  6  4  95  34  69  18  82  24  6  7  86  90  24  33  47  79  53  28  13  91  8  99  47  77  82  40  8  26  69  74  28  21  43  85  28  96  87  62  34  61  57  16  43  32  100  92  
93  74  46  75  98  55  17  36  8  97  50  67  96  9  99  68  31  58  5  34  97  69  38  5  24  49  79  75  72  67  47  28  13  6  5  1  25  22  17  50  17  46  3  88  1  2  4  27  58  60  75  51  43  34  18  99  56  28  10  84  42  52  56  72  69  94  90  79  9  26  97  81  48  27  100  19  5  30  77  75  68  79  94  57  19  61  71  37  79  77  93  67  93  79  18  99  9  27  81  77  19  15  87  35  94  96  91  64  27  81  10  41  81  20  6  7  31  99  26  47  55  16  16  54  5  38  52  33  73  39  81  52  68  32  40  75  68  91  92  55  65  45  85  56  36  83  9  80  91  85  
34  82  6  61  76  41  17  53  68  75  24  52  68  27  22  8  12  80  9  57  66  47  5  38  33  9  80  3  18  5  51  52  69  2  10  65  8  55  11  66  70  35  84  79  18  74  20  95  75  12  20  72  83  21  80  17  29  14  18  81  62  34  40  23  6  40  100  60  13  50  58  68  82  41  87  21  89  88  59  69  1  17  7  3  80  71  57  55  7  61  80  90  20  13  60  88  84  32  73  62  39  64  50  78  79  34  96  95  38  1  46  50  43  24  65  49  42  59  72  55  32  1  35  9  22  40  49  81  92  97  25  16  46  72  22  74  92  74  10  48  79  21  94  16  81  92  49  88  75  78  
53  95  32  61  94  4  80  99  58  85  45  49  15  52  44  74  23  64  73  75  58  89  57  54  35  98  31  8  50  37  29  13  79  10  15  35  87  37  59  84  89  20  18  93  21  11  44  28  86  24  8  35  21  83  23  8  17  34  43  30  70  52  17  27  24  100  3  29  48  69  72  41  82  9  34  29  82  49  36  86  45  35  98  87  40  78  90  48  36  38  33  50  33  7  1  50  12  70  51  16  75  16  40  56  18  5  4  76  75  57  28  77  41  82  90  85  66  98  56  9  19  16  53  28  100  12  19  28  53  47  70  7  11  60  88  31  87  25  21  15  89  5  61  81  82  68  73  38  82  22  
65  77  73  19  59  44  40  47  96  67  52  32  94  91  66  42  16  6  20  14  42  74  56  97  41  51  25  71  86  29  2  87  1  48  66  55  56  45  49  27  95  77  9  17  63  90  84  82  32  87  59  32  44  67  81  26  38  57  62  100  35  5  85  58  79  41  96  9  8  28  33  74  15  18  94  58  97  72  34  18  52  64  12  19  4  51  65  60  59  59  21  14  82  98  50  23  52  92  24  3  93  3  100  47  22  33  13  6  91  39  53  100  88  85  27  30  77  35  96  24  14  85  39  68  31  3  6  14  46  76  9  10  100  42  75  81  77  22  38  70  97  52  85  93  97  6  17  80  65  73  
64  79  24  27  100  97  47  54  15  64  100  19  46  19  34  78  35  64  78  37  31  14  92  36  36  43  13  63  72  16  39  24  40  77  50  28  100  29  65  33  26  32  92  26  77  24  68  99  62  22  37  92  85  83  83  100  15  12  91  8  52  43  20  75  17  77  11  80  82  77  44  26  12  43  64  16  55  28  21  22  3  60  18  35  25  77  96  53  86  34  24  27  42  91  99  18  47  2  52  2  61  9  71  44  96  40  94  69  42  50  95  58  85  31  74  50  62  72  31  28  58  18  28  74  77  18  5  51  23  8  73  17  62  11  35  48  77  26  78  49  33  60  100  40  23  79  20  67  56  84  
8  24  64  97  29  50  81  66  43  89  56  30  57  75  46  13  13  83  25  21  5  6  70  66  19  97  48  96  70  8  45  75  31  59  86  1  23  82  93  35  58  37  42  64  23  40  72  90  94  94  68  99  89  62  55  19  63  54  99  29  89  73  12  85  39  98  99  16  96  42  29  28  60  94  6  75  57  94  68  4  43  69  47  39  6  91  58  41  38  55  96  62  71  56  30  86  54  21  49  72  24  62  92  47  57  80  51  26  42  28  56  40  74  78  100  35  5  67  56  94  82  56  31  8  86  39  47  96  76  61  46  41  43  82  84  41  43  86  90  24  69  16  26  59  5  32  64  60  62  44  
84  39  10  1  67  44  55  68  98  19  48  36  93  92  13  60  26  25  44  90  10  50  58  71  47  35  56  67  77  70  17  25  45  9  9  83  5  59  55  77  58  4  25  36  48  58  81  46  6  19  79  39  50  80  56  43  87  76  90  100  4  59  60  39  76  31  47  71  71  31  60  28  28  33  23  98  75  79  36  89  17  50  65  21  21  75  24  83  32  55  82  21  23  21  44  39  63  90  61  64  51  43  41  15  41  42  83  35  46  68  1  61  74  37  30  100  4  28  93  85  95  24  79  38  17  49  3  50  19  61  53  48  19  11  48  94  13  49  28  99  11  46  96  47  21  66  18  42  74  62  
100  61  70  25  25  99  13  9  30  90  80  48  93  15  91  88  38  98  50  2  49  57  74  99  10  89  2  64  11  94  38  35  57  64  27  68  63  5  23  56  93  49  55  87  24  70  51  98  40  71  65  72  66  60  55  91  45  9  5  11  68  85  62  90  26  59  72  82  28  36  93  66  78  48  100  70  18  49  30  30  6  81  65  76  60  15  17  75  13  18  60  79  53  37  37  17  15  11  88  4  32  25  31  16  27  91  67  79  1  71  80  29  15  76  89  1  36  79  72  23  23  38  47  29  49  62  50  25  25  13  1  46  88  33  40  29  44  60  12  99  13  92  27  45  64  57  13  85  49  14  
67  67  83  65  7  51  9  28  80  19  8  53  1  45  21  3  83  69  14  19  44  3  55  89  3  6  48  37  19  87  41  95  51  90  53  70  75  95  19  68  89  80  93  78  60  61  61  26  49  17  48  46  88  53  59  58  26  30  97  8  7  81  41  85  14  33  88  100  94  5  67  61  98  75  95  95  94  5  41  26  52  67  1  38  90  90  49  89  46  77  59  53  86  61  12  72  77  15  48  55  92  5  73  94  24  90  44  71  78  28  42  26  30  19  55  80  42  20  86  18  52  94  77  33  70  28  96  97  95  26  55  66  44  99  12  8  23  51  96  38  24  95  58  12  89  8  98  29  58  26  
44  65  94  41  20  34  49  77  23  2  15  58  29  88  65  82  64  90  91  45  47  13  21  56  45  53  71  88  37  45  13  51  34  81  62  16  50  85  95  23  74  35  47  97  1  83  99  81  93  60  84  66  6  30  16  80  63  95  66  4  63  61  36  68  27  87  93  81  71  64  50  36  40  17  95  21  34  59  57  42  43  7  30  19  23  38  58  24  32  1  59  31  80  18  43  28  6  97  64  22  70  38  95  50  48  45  73  58  29  13  91  69  92  72  8  20  49  61  74  66  38  60  78  21  83  10  95  75  72  50  19  16  1  11  26  99  36  51  95  8  64  99  47  12  51  87  99  22  74  84  
53  45  56  70  80  81  28  49  11  38  48  22  25  65  66  56  8  65  38  14  91  88  26  32  67  29  58  55  60  98  31  23  14  56  50  68  7  83  79  66  58  29  58  95  7  38  4  70  10  62  33  78  70  91  92  62  27  62  42  30  16  90  78  29  5  76  6  34  93  9  77  61  34  70  62  34  74  76  60  70  53  16  87  48  40  78  84  21  85  43  28  98  82  85  72  94  73  32  35  52  24  22  48  64  20  4  30  24  9  90  100  46  41  94  96  58  82  45  24  21  46  80  57  52  36  66  37  37  42  80  63  1  54  21  52  43  52  65  75  63  98  2  50  47  71  41  46  54  60  51  
63  50  97  93  69  63  94  74  7  26  67  86  70  62  75  83  69  55  86  60  56  17  90  42  23  30  14  2  24  83  86  61  52  75  32  93  49  7  12  73  86  42  44  51  52  22  67  82  41  41  13  43  79  77  52  91  90  80  54  31  47  70  74  87  60  30  51  59  6  43  45  71  69  60  50  17  64  76  65  14  14  79  28  11  50  61  52  57  45  9  3  45  34  25  27  94  45  21  57  55  49  23  46  90  20  48  23  78  88  14  9  76  88  59  89  71  72  21  71  96  16  81  90  51  52  36  73  43  72  81  28  44  18  18  68  70  40  96  98  48  71  83  33  59  66  59  12  56  41  46  
60  95  74  24  21  84  81  39  100  4  76  92  78  2  19  55  99  16  17  50  10  73  65  43  75  4  25  94  92  24  66  30  8  47  16  34  82  9  63  69  22  30  42  3  16  29  9  92  74  54  1  39  53  23  59  56  31  4  34  25  22  59  14  15  53  45  13  61  93  46  9  50  54  56  22  79  52  83  35  67  53  74  49  49  47  29  77  47  57  28  50  58  22  23  11  54  50  69  64  60  16  42  33  83  84  15  70  59  63  56  89  81  10  4  81  21  55  36  22  68  42  33  90  20  11  67  35  84  16  51  42  13  79  55  49  35  25  86  48  63  29  33  21  62  73  34  9  67  73  16  
3  90  87  54  98  70  32  47  60  78  51  72  56  92  75  15  98  41  13  48  73  58  8  13  10  85  43  37  71  29  71  8  89  78  62  2  4  6  21  43  59  100  36  47  65  7  27  48  32  24  59  11  1  4  19  74  78  77  37  71  76  99  30  13  99  55  36  6  79  30  90  14  39  46  21  87  74  74  35  7  81  62  75  17  82  10  30  88  75  69  22  46  21  76  16  44  89  54  45  19  36  17  99  59  55  32  37  87  49  21  86  26  81  19  7  43  56  52  10  51  45  39  82  59  55  5  85  43  94  12  58  59  41  61  38  7  56  47  89  51  86  78  95  36  66  5  73  21  96  89  
99  63  7  40  86  53  54  78  8  57  63  14  24  88  15  27  49  4  31  56  81  28  95  37  40  62  11  40  46  13  72  41  40  94  42  20  16  18  48  4  71  53  69  83  96  19  29  74  33  93  74  5  68  2  89  5  8  65  94  25  30  10  30  42  70  62  96  70  91  36  25  10  68  30  56  84  88  51  80  11  78  2  28  74  15  92  20  94  83  9  40  51  55  87  55  81  47  62  13  65  52  18  55  28  59  21  99  44  71  27  100  55  96  56  1  34  51  23  69  54  81  67  73  25  85  77  6  94  78  42  27  77  32  6  90  47  82  72  94  33  51  57  52  85  69  43  79  29  26  27  
35  10  3  40  50  39  74  55  56  87  56  39  31  67  52  10  46  14  23  62  83  83  68  56  20  34  80  90  79  71  33  35  95  85  89  36  29  8  91  62  42  74  15  100  82  93  90  99  33  55  29  90  43  28  76  66  14  40  56  98  60  27  86  75  31  82  22  87  74  71  77  88  1  32  20  8  62  6  57  85  16  44  50  11  41  88  22  37  88  20  79  58  14  88  61  80  30  22  7  62  20  2  16  20  77  100  8  20  21  26  3  53  28  81  4  92  63  37  66  59  62  37  46  98  55  81  50  64  37  45  27  75  93  25  17  56  45  2  44  44  97  21  78  51  91  77  85  87  28  93  
44  78  1  76  35  14  84  81  42  87  13  14  30  85  93  93  79  98  61  27  26  69  46  63  43  24  18  16  100  61  97  61  55  35  28  15  84  43  41  53  96  9  28  74  97  63  32  43  88  3  99  70  23  22  79  75  20  21  28  100  74  37  4  60  63  40  15  42  18  85  65  21  30  24  95  80  48  35  37  57  47  47  90  37  30  16  71  52  24  64  95  39  55  8  88  68  59  50  84  21  37  34  82  32  48  70  77  6  71  85  19  35  76  85  8  69  79  64  24  27  28  80  85  100  61  75  63  88  11  61  8  63  54  72  92  58  92  92  87  100  58  80  44  37  73  96  81  96  55  91  
23  22  97  80  6  53  49  18  100  97  93  53  20  53  24  93  88  36  45  66  58  91  15  70  55  96  23  73  54  5  42  28  45  27  41  92  40  92  68  55  25  54  52  77  44  89  1  44  47  79  17  14  37  86  31  24  66  23  46  97  39  85  6  26  19  11  36  92  27  45  92  90  16  36  94  34  19  44  17  55  97  99  5  69  100  32  63  84  41  6  39  23  23  3  30  3  60  43  51  9  94  86  87  33  98  39  85  61  75  52  88  10  31  98  94  94  87  17  80  43  49  77  76  41  28  27  80  70  37  96  82  79  51  21  15  95  8  43  77  89  27  86  14  78  76  32  65  77  30  87  
16  68  69  76  55  87  79  25  86  41  41  14  76  25  29  89  41  93  72  17  15  28  4  99  27  11  7  29  74  79  57  86  88  63  58  92  87  94  97  47  83  84  97  72  3  58  81  11  82  16  84  63  81  26  32  80  90  94  53  18  73  80  65  95  88  48  39  90  48  55  28  47  18  8  5  68  80  31  17  84  43  96  87  65  80  77  70  51  83  14  91  43  38  28  95  59  88  11  92  2  43  49  62  89  18  2  92  99  63  56  22  53  31  50  87  32  20  56  58  6  66  38  62  28  52  54  62  53  50  94  3  24  65  19  48  21  32  67  43  13  35  84  73  44  20  56  96  46  35  74  
19  73  60  100  35  91  87  80  9  90  15  9  59  3  97  75  53  100  99  86  60  86  47  26  60  30  45  6  9  58  34  79  90  52  81  58  69  98  99  62  11  55  51  50  30  64  78  94  14  88  24  62  44  100  15  24  64  38  67  76  61  74  51  46  64  44  48  96  91  74  35  49  99  49  1  43  76  82  29  7  27  59  19  98  29  30  51  46  21  98  35  41  52  45  93  19  74  2  64  3  4  40  26  74  89  73  97  73  10  67  13  84  15  61  95  19  98  3  13  35  85  52  10  78  37  62  1  88  22  66  7  65  27  92  48  15  60  1  10  92  90  47  11  2  32  54  54  66  10  90  
39  45  31  22  27  73  13  22  73  28  84  100  17  59  40  68  90  62  34  2  60  26  87  76  79  72  90  33  21  9  62  51  71  24  22  79  19  15  42  2  29  24  23  61  8  2  64  76  14  85  84  40  88  78  2  27  100  89  44  92  62  79  6  39  54  87  2  96  25  93  88  95  8  98  52  57  47  83  68  44  69  70  37  8  85  29  32  45  22  52  90  14  66  35  19  60  5  25  68  44  36  20  81  83  42  89  9  9  74  2  88  49  48  19  21  79  19  81  92  78  1  66  56  100  62  74  58  11  99  80  41  98  45  16  82  86  68  36  63  77  21  88  57  73  43  82  60  91  61  65  
38  99  87  29  32  99  14  80  41  68  52  6  3  65  8  17  73  12  71  66  2  40  5  25  68  46  7  90  14  28  38  5  3  26  17  58  35  51  18  53  98  37  85  26  74  49  43  54  50  55  74  12  72  37  92  10  100  60  10  78  85  42  2  3  75  18  68  10  98  20  6  65  39  14  24  80  76  86  84  26  98  40  52  86  68  75  55  32  32  64  92  6  64  59  4  21  99  67  97  48  60  70  60  41  69  41  59  6  57  50  18  21  46  98  76  31  40  3  24  75  56  69  33  82  26  10  99  43  78  89  72  36  67  95  86  73  33  23  77  53  71  67  18  20  53  94  76  45  87  82  
29  70  75  10  12  42  1  72  73  93  13  72  23  92  43  19  39  19  28  36  14  69  55  24  30  14  62  25  52  4  28  28  71  46  69  80  3  23  96  66  96  55  50  4  5  6  92  90  47  41  2  98  71  58  7  14  53  56  74  87  85  94  67  39  27  26  94  98  41  20  8  77  58  95  59  67  52  20  11  75  95  85  63  12  7  92  45  17  77  22  76  34  54  15  33  54  35  26  66  72  88  9  99  37  87  61  48  21  57  18  8  65  85  90  47  15  49  45  78  87  47  6  86  52  55  88  98  3  48  73  9  9  19  3  90  66  76  72  61  23  48  36  75  71  75  18  92  76  45  47  
82  33  39  29  37  89  14  45  27  9  30  44  24  17  20  19  93  70  96  35  6  21  51  56  45  72  90  66  84  3  90  30  34  55  91  2  61  84  3  37  17  36  57  65  23  8  100  19  2  18  97  70  84  60  46  14  65  21  31  58  66  82  8  98  93  49  97  34  48  71  19  44  96  92  44  3  72  77  46  61  32  29  85  44  91  42  36  59  61  8  66  38  1  24  77  54  88  65  50  53  11  96  74  72  35  91  33  47  58  51  44  61  23  56  6  51  86  68  75  15  90  36  73  41  58  94  48  74  96  39  56  96  4  71  25  43  71  53  62  74  94  8  98  30  55  20  8  51  63  86  
42  74  93  31  50  54  16  91  29  43  31  17  80  10  7  84  3  53  43  16  79  99  61  74  96  23  36  35  1  38  3  83  19  86  89  88  4  78  38  96  49  33  22  10  65  85  10  62  44  8  64  12  80  27  78  30  10  85  52  44  21  58  24  31  51  43  8  76  40  7  49  76  65  50  59  60  71  96  38  48  81  40  49  32  31  61  14  20  27  70  38  35  50  82  60  77  25  41  29  89  88  39  21  66  58  57  34  91  11  61  39  73  100  6  77  41  77  59  81  11  11  46  89  54  51  23  79  100  33  69  40  40  50  84  12  30  74  46  69  74  50  62  16  8  62  11  95  62  24  52  
53  70  98  12  46  29  94  4  15  23  49  48  84  36  35  88  52  1  99  15  29  4  9  45  51  46  67  74  59  16  48  82  46  25  52  21  66  33  47  51  7  77  88  24  84  72  30  99  56  18  65  7  82  61  100  85  99  15  61  10  43  58  25  74  11  33  3  75  93  100  95  76  30  39  94  77  6  50  75  29  18  62  65  49  16  57  31  8  97  7  53  83  94  35  78  98  15  73  3  13  18  33  19  43  18  18  23  99  27  16  23  9  46  20  84  35  52  61  7  59  36  50  94  44  12  32  96  14  90  88  74  82  98  15  32  85  90  69  48  30  52  43  17  91  11  52  74  78  73  61  
27  88  87  75  73  43  26  32  98  36  50  24  91  32  38  84  1  9  48  47  58  24  56  83  86  75  93  44  86  75  26  41  52  11  37  93  46  17  12  34  26  62  33  29  18  77  46  67  74  17  7  90  25  35  56  29  23  53  70  21  25  34  80  94  87  68  67  41  40  85  77  16  99  5  81  58  85  10  82  9  11  26  81  58  32  4  95  36  29  22  78  77  97  47  19  98  89  63  42  97  74  54  88  75  76  6  36  25  41  52  57  11  53  79  84  21  96  33  74  30  33  51  42  49  4  15  47  60  82  53  23  25  61  16  83  88  46  91  11  53  39  18  61  41  50  70  95  4  98  16  
21  66  86  7  63  36  7  74  79  10  71  88  9  19  77  100  84  72  72  31  60  42  30  64  18  31  34  81  100  60  71  65  93  89  87  70  70  98  68  25  36  8  23  62  98  35  11  37  62  30  83  87  86  79  15  89  23  52  7  97  73  88  19  3  94  96  78  76  60  58  53  51  47  8  15  91  26  34  1  15  18  47  8  88  89  81  50  24  88  19  27  36  50  30  13  61  92  39  39  18  36  95  34  7  85  41  9  65  94  61  31  47  87  66  37  29  34  10  34  74  69  42  42  58  59  75  2  43  87  90  56  21  75  91  68  4  92  90  70  64  70  69  29  16  81  9  88  92  63  17  
38  67  75  47  99  22  29  56  7  42  95  68  20  15  31  75  17  30  55  74  2  52  62  78  9  94  26  45  64  31  24  50  53  89  22  34  38  99  61  23  98  89  74  9  14  44  78  56  31  17  55  1  92  47  89  98  51  24  90  47  2  13  20  16  11  42  62  79  61  43  63  78  87  76  93  95  86  50  76  27  10  44  43  63  9  22  21  56  93  12  59  23  10  60  67  53  36  20  5  16  50  51  21  48  98  23  62  3  51  80  16  39  47  72  56  89  98  16  74  98  52  54  89  10  1  76  25  55  20  74  81  55  18  78  34  47  85  27  53  52  48  79  98  24  43  37  46  20  23  57  
84  12  24  97  39  7  69  93  26  86  46  33  19  46  11  93  11  54  64  77  37  48  42  89  84  23  97  71  36  15  18  32  31  79  13  36  55  49  43  15  68  42  9  92  33  72  45  52  83  55  4  77  1  86  39  32  79  78  27  17  97  16  60  20  89  39  90  19  50  89  18  4  70  81  100  26  24  13  27  64  36  37  77  77  88  8  15  88  94  75  72  24  37  1  25  81  56  39  52  25  32  62  7  35  52  53  11  59  91  15  64  92  68  19  70  57  85  82  25  46  68  92  20  25  60  80  93  61  36  25  64  88  68  21  14  98  39  76  15  61  34  79  89  54  78  30  31  74  100  28  
37  33  23  42  99  2  43  83  91  94  50  29  16  52  59  43  50  36  30  28  34  53  51  17  87  1  20  3  53  61  37  64  3  87  20  99  72  12  15  7  76  34  22  8  70  29  64  82  43  100  5  54  20  92  83  44  57  19  43  66  59  73  25  72  1  58  37  61  43  93  10  2  17  78  100  76  26  89  29  30  23  63  20  26  89  8  42  51  51  94  65  74  16  81  51  35  9  90  47  75  74  75  56  91  85  1  18  14  37  92  72  53  83  82  84  15  55  34  79  62  11  29  61  86  44  97  55  50  27  25  79  75  62  90  73  11  25  37  70  41  39  54  81  68  57  95  66  75  79  71  
47  28  88  1  84  16  19  3  56  51  12  75  41  65  11  1  35  84  2  74  14  18  2  53  55  72  78  62  87  61  17  83  70  69  10  58  40  8  34  85  41  36  50  4  58  93  70  38  32  77  45  85  85  38  9  84  35  34  18  98  78  79  29  63  12  42  29  8  48  87  25  82  16  52  16  37  69  46  84  76  68  58  6  84  77  22  55  17  5  56  41  58  24  2  55  9  76  8  43  13  64  8  94  16  70  4  65  11  98  82  72  94  15  59  1  35  32  59  31  55  55  45  31  17  40  68  86  52  87  8  54  15  80  27  43  91  49  95  14  12  90  69  85  70  87  50  41  23  8  13  
19  88  45  76  9  12  5  87  99  35  87  62  67  26  18  5  88  55  52  13  2  98  54  3  48  15  82  75  3  10  91  76  20  82  61  80  16  44  1  93  95  98  34  90  29  20  77  20  53  34  80  55  16  44  94  88  45  31  3  55  59  81  75  27  28  51  44  68  95  80  26  42  30  79  83  12  46  35  69  12  31  83  91  22  33  96  87  41  29  83  88  87  28  55  87  57  9  48  61  30  15  62  68  75  72  74  50  10  38  88  13  56  32  55  70  1  1  30  92  26  21  25  27  28  41  27  54  32  31  93  71  3  60  81  10  57  27  26  51  16  5  76  61  74  36  100  94  70  44  5  
1  16  94  35  19  64  54  52  17  12  70  84  1  65  31  56  9  48  64  74  97  11  23  28  95  3  34  17  90  20  95  47  91  63  67  61  53  3  16  35  94  61  92  38  11  15  34  82  90  31  35  85  15  90  1  48  98  77  64  90  64  87  98  36  71  16  98  63  9  38  96  60  53  8  49  30  47  73  69  9  20  35  1  60  37  49  61  45  95  88  92  15  41  70  87  88  25  59  57  84  83  30  16  90  53  65  78  21  28  79  69  8  65  72  65  84  32  51  37  69  95  22  23  67  56  44  37  92  83  58  86  97  92  28  80  94  82  59  69  48  46  36  31  15  22  83  9  87  8  53  
87  69  64  37  80  22  80  36  37  92  72  74  57  29  75  71  61  87  28  82  86  41  88  33  11  70  36  48  65  31  3  54  58  77  94  26  98  31  11  16  50  79  15  96  3  99  12  7  16  63  96  18  44  98  71  80  77  73  86  60  85  65  82  19  43  62  28  78  91  77  56  58  50  78  86  51  22  22  100  99  92  76  86  24  65  45  23  70  62  5  80  31  95  14  67  67  63  75  55  81  57  3  18  82  29  90  20  65  48  67  87  82  15  59  22  36  85  82  62  55  5  74  99  25  91  29  34  95  19  6  28  50  70  7  77  45  99  57  26  94  56  97  59  81  50  8  16  61  71  1  
41  49  18  33  67  16  39  98  36  65  5  84  14  9  93  75  5  33  57  23  74  23  83  99  63  32  67  5  24  4  55  71  1  23  12  10  67  60  18  56  18  97  42  1  77  61  88  83  27  74  100  54  48  57  22  6  9  13  50  26  89  98  82  60  19  90  74  1  12  99  59  73  75  79  51  45  73  80  93  23  7  12  17  41  4  54  86  32  50  38  53  80  32  5  94  86  88  78  27  34  49  98  39  62  81  96  48  20  11  26  40  89  62  69  21  41  10  25  85  95  44  32  2  39  22  88  76  39  50  33  79  21  33  35  92  15  70  22  37  11  1  70  68  99  7  26  42  86  90  70  
15  61  75  83  72  36  4  73  24  10  50  58  37  71  90  81  46  98  39  21  92  46  39  10  68  98  1  65  92  56  34  75  82  67  73  39  83  86  88  100  64  26  36  54  60  89  54  1  26  68  74  77  83  99  5  55  94  42  2  31  77  19  66  25  68  26  87  70  75  44  82  64  52  3  82  85  49  28  89  18  24  58  96  73  27  20  6  73  3  11  72  80  66  8  46  51  2  82  92  84  90  2  96  25  52  76  48  48  28  96  39  11  35  8  45  36  83  44  26  19  71  94  34  90  76  89  65  61  11  43  74  98  51  86  59  6  80  53  86  82  18  68  14  46  82  41  21  5  26  29  
19  45  87  7  86  76  65  88  1  9  52  85  12  24  69  33  35  72  22  70  62  70  47  12  47  52  18  14  5  5  38  84  95  23  43  64  93  28  20  40  60  6  16  22  5  95  64  96  95  53  76  42  2  53  66  72  69  77  38  57  71  7  66  11  34  84  13  23  29  34  33  42  56  47  94  30  77  84  51  85  96  29  25  86  57  21  60  78  97  2  74  7  75  17  40  29  30  78  56  73  78  35  19  57  33  65  5  76  28  84  96  54  34  18  43  20  2  72  85  38  53  11  79  41  33  28  20  57  26  33  84  97  45  46  86  59  43  18  68  92  33  88  48  30  52  74  60  65  95  72  
42  87  70  95  24  26  5  87  44  6  10  70  6  56  70  91  23  65  27  72  3  6  22  45  99  96  47  52  55  4  25  27  93  3  70  45  96  29  81  14  16  45  19  28  36  2  75  28  91  47  28  60  18  75  19  5  74  86  34  23  14  32  40  71  7  72  69  19  55  51  59  26  26  34  98  24  46  35  30  85  21  84  44  43  16  54  16  70  7  59  6  87  11  71  72  73  36  17  57  2  40  54  71  28  3  96  43  66  41  55  68  22  40  11  35  59  41  22  84  77  16  8  89  73  58  74  14  54  85  44  98  52  57  17  99  8  6  61  48  42  33  28  89  44  36  81  26  88  17  14  
90  20  62  92  86  85  86  58  12  73  54  57  60  13  52  74  29  9  74  93  6  85  37  72  94  17  85  46  18  65  73  53  96  91  36  34  7  93  76  83  40  83  93  2  45  54  56  34  1  6  99  96  95  80  8  90  83  19  40  20  23  86  42  89  56  41  82  17  24  12  63  49  57  88  41  70  18  15  44  85  11  29  50  6  68  1  55  64  54  37  14  61  92  36  25  48  95  51  82  95  57  95  45  66  35  85  13  51  28  72  50  94  97  86  54  81  8  6  62  25  92  62  78  7  65  66  23  43  53  33  75  92  13  31  26  100  32  57  90  8  1  52  84  87  11  53  87  69  13  32  
69  52  51  85  24  26  57  49  77  99  37  41  69  34  85  78  5  41  37  20  59  76  15  46  35  85  91  72  49  96  58  44  34  59  86  49  73  6  3  70  79  18  93  11  90  35  13  28  54  5  15  17  1  23  80  23  85  25  66  9  65  75  61  48  87  18  85  76  70  57  6  73  19  71  21  26  54  72  14  5  40  9  25  74  3  63  15  4  60  4  3  8  18  29  92  95  76  41  66  27  11  20  70  74  16  19  19  63  33  11  36  38  1  18  77  10  39  40  8  19  29  19  4  7  75  34  46  96  24  96  28  54  47  14  59  24  66  2  54  68  49  51  86  33  11  89  73  43  62  55  
45  54  75  21  35  87  73  81  73  34  71  75  67  54  84  5  82  82  84  72  77  91  66  68  6  69  87  64  32  11  23  42  43  72  40  20  54  73  79  42  22  62  83  47  4  25  16  68  48  77  68  9  32  36  97  56  89  75  34  100  42  76  18  53  60  12  63  8  21  96  35  100  13  54  8  56  14  29  52  65  48  72  34  52  59  1  36  47  6  99  53  27  95  75  8  18  88  80  42  95  98  8  15  50  60  25  34  50  41  93  22  94  7  59  89  29  63  42  73  39  13  66  54  41  30  18  55  33  92  3  46  86  21  18  53  75  83  32  40  13  77  92  68  82  7  42  81  71  92  24  
50  99  50  13  54  36  70  56  53  69  91  53  55  17  18  39  36  38  66  8  68  88  78  41  65  51  65  100  46  29  73  99  97  78  24  60  89  48  39  37  2  94  82  6  22  2  83  20  92  58  37  81  83  29  41  20  21  62  2  5  89  84  67  77  9  66  69  86  74  22  45  94  82  79  65  77  60  68  96  5  94  73  98  59  42  19  5  53  19  1  58  97  60  4  43  40  98  31  33  92  58  75  16  86  34  99  68  67  89  78  89  67  47  23  30  91  86  70  10  92  89  54  71  12  58  50  22  61  95  59  57  35  91  2  36  70  77  40  83  29  6  76  62  88  39  100  37  23  20  30  
61  26  71  68  72  15  7  95  100  37  94  15  72  32  86  64  7  8  73  37  81  21  29  98  10  19  37  55  34  25  73  44  64  82  44  26  93  18  45  73  90  59  90  28  30  41  87  47  89  50  82  26  5  2  64  52  34  14  90  11  79  91  93  80  65  8  90  96  7  61  45  10  1  63  1  76  4  21  27  85  86  27  93  55  25  83  99  68  57  86  10  68  16  69  99  63  92  26  99  4  88  16  73  67  9  2  90  95  64  62  4  27  94  41  81  14  49  52  89  75  39  35  96  71  98  84  99  14  93  7  81  38  6  15  80  22  97  76  43  32  100  35  45  21  53  69  88  63  30  23  
74  37  69  10  100  79  70  93  56  49  16  46  24  71  37  37  86  4  93  83  86  4  46  48  30  100  95  45  87  83  23  18  54  53  32  67  2  46  84  80  24  91  1  81  46  45  12  11  70  9  11  21  35  6  20  88  23  24  30  48  67  34  58  14  4  23  87  78  8  53  23  75  89  34  96  40  20  53  69  87  84  52  3  82  42  37  39  60  64  46  6  24  11  20  33  98  83  44  33  20  67  55  1  81  51  33  39  79  86  29  22  88  18  1  44  77  38  47  80  13  100  96  25  71  34  29  25  78  75  80  68  83  40  86  10  86  54  38  51  97  40  80  10  60  54  15  2  4  38  72  
21  41  95  47  46  61  9  38  99  30  24  92  100  9  15  35  98  82  18  95  95  90  2  68  53  14  69  50  5  10  42  74  74  69  49  53  41  99  55  27  27  95  6  45  99  66  88  42  75  9  37  100  33  38  63  52  47  89  44  89  70  92  21  72  6  82  43  76  4  39  9  87  68  36  28  80  26  9  86  66  64  69  13  81  70  10  35  68  98  48  29  86  100  3  61  18  64  31  100  10  30  12  5  72  74  34  88  58  25  77  43  30  50  24  49  2  92  14  93  59  76  79  67  21  6  98  79  11  42  12  23  80  42  27  98  46  85  18  79  4  62  95  10  37  64  20  39  96  74  99  
47  81  14  71  56  33  88  45  80  49  33  86  84  41  11  55  96  19  6  47  2  4  71  60  33  98  13  21  37  5  10  84  49  56  18  10  71  75  8  45  2  75  58  85  33  64  88  44  17  22  85  69  97  81  80  71  5  30  62  16  31  58  93  53  37  83  52  33  14  62  81  79  35  42  27  12  68  7  65  82  15  89  21  18  70  42  28  87  35  5  43  49  15  43  47  12  3  36  40  27  40  44  6  13  23  22  17  55  27  17  34  63  14  61  44  95  36  100  20  1  84  87  40  58  13  82  50  33  61  7  54  68  36  87  91  98  55  51  63  72  42  76  9  13  71  57  17  29  59  29  
8  11  82  77  77  6  81  66  60  42  53  56  87  59  40  68  24  21  46  22  36  45  79  48  53  99  94  98  33  37  49  39  55  83  81  54  50  36  81  29  9  48  95  71  23  46  98  78  71  96  92  50  6  8  39  60  75  41  63  36  1  71  68  70  4  38  12  55  76  47  97  50  21  95  46  56  87  49  53  86  79  16  94  50  65  100  26  98  44  33  72  34  87  63  41  60  37  84  3  45  32  55  35  7  73  79  87  98  95  36  77  45  94  42  52  58  82  8  84  45  62  59  52  36  99  62  59  41  6  25  13  68  89  30  71  46  34  23  50  41  17  10  65  12  14  24  38  10  1  60  
2  49  45  3  27  96  5  50  77  30  23  21  72  16  89  23  98  47  40  66  43  97  4  41  67  64  76  96  18  91  9  71  82  89  88  16  24  55  71  69  27  5  97  60  36  6  75  83  88  37  35  82  39  82  14  49  47  8  25  15  100  17  88  66  12  31  80  58  86  41  75  8  47  37  8  52  44  36  100  76  81  30  20  66  73  25  32  95  71  7  34  15  50  89  58  69  62  23  11  87  85  21  82  79  82  95  100  85  2  7  35  35  75  72  96  80  73  19  52  33  25  11  31  69  6  34  59  58  51  1  5  60  92  58  71  21  52  95  65  55  83  21  62  61  38  72  27  34  85  62  
84  16  25  46  60  72  13  7  25  78  50  94  67  80  70  75  79  32  93  29  9  100  83  51  6  79  8  69  35  49  83  89  22  67  73  69  74  19  33  94  87  14  100  29  50  22  81  87  69  82  43  24  27  75  93  33  73  23  3  32  70  48  86  99  97  55  4  12  64  46  30  7  5  91  65  9  99  66  100  36  57  65  4  50  90  17  10  81  79  45  49  74  51  72  77  60  3  73  72  18  98  27  18  86  69  20  33  40  73  53  79  80  80  63  20  93  13  41  47  2  72  76  51  61  1  85  27  44  93  18  74  94  55  17  56  40  10  96  66  2  30  33  79  100  51  48  49  38  46  96  
4  8  63  46  35  10  35  83  12  41  64  25  84  65  48  95  6  11  30  39  12  2  45  79  84  52  23  26  87  47  37  62  10  18  11  100  22  9  51  63  94  41  49  19  76  4  63  38  87  16  29  100  95  36  6  90  82  5  72  86  13  26  45  77  11  14  66  52  9  18  53  92  33  96  40  35  46  1  53  85  46  100  87  46  37  15  66  5  85  25  83  85  34  44  34  87  2  76  60  39  47  56  25  60  94  68  25  72  32  100  28  78  18  6  80  38  76  33  10  59  71  63  71  86  63  72  84  57  31  64  35  87  54  77  59  7  84  83  4  38  77  85  63  22  35  38  90  83  38  25  
61  65  6  1  36  26  76  92  82  14  92  85  44  27  15  73  94  73  62  75  59  37  17  41  16  54  33  89  5  31  69  96  16  35  92  80  42  39  27  59  71  85  37  43  50  12  17  47  94  15  47  4  5  52  12  67  65  14  96  82  88  34  6  31  87  87  30  22  33  4  96  38  15  4  11  27  84  30  96  76  31  29  39  71  14  20  72  2  41  100  36  95  37  52  12  66  26  48  43  67  95  65  73  46  63  90  9  84  56  70  27  25  61  70  24  20  45  91  3  84  29  12  68  37  93  11  33  6  76  45  41  88  69  55  98  62  57  85  33  77  61  56  45  35  75  52  96  67  20  60  
93  77  75  50  33  31  65  25  5  37  45  11  16  10  77  72  29  7  93  16  89  82  55  22  27  49  68  89  70  90  51  45  82  4  63  88  15  55  83  99  2  90  2  22  86  31  6  64  89  76  34  76  70  55  6  33  49  47  75  13  24  15  59  33  68  33  78  15  91  88  11  41  38  57  51  27  62  28  77  83  2  53  49  81  25  44  1  35  70  67  50  14  66  19  99  55  58  77  57  9  3  80  78  92  26  27  48  34  42  51  31  71  83  81  10  61  40  81  21  17  13  1  79  12  22  6  46  62  20  95  74  2  62  64  95  32  10  72  48  31  37  87  47  77  58  94  39  4  33  41  
39  76  13  70  85  41  4  23  52  66  30  36  49  77  75  18  38  56  95  86  41  12  7  88  52  81  98  15  91  75  93  39  66  85  38  85  64  88  63  82  96  3  78  84  2  17  31  32  55  98  3  63  11  1  27  89  43  50  80  51  53  71  60  81  1  52  50  99  1  81  46  57  82  67  86  15  95  56  70  74  69  59  58  8  96  64  75  17  27  66  33  3  29  63  93  72  39  38  57  1  56  7  32  25  40  93  3  30  69  75  8  49  20  90  76  89  14  66  94  90  61  25  85  65  19  5  15  40  3  51  83  16  15  50  24  9  79  13  37  6  95  59  56  18  54  28  55  14  5  42  
36  25  9  97  90  35  48  3  38  98  95  71  88  35  44  52  31  7  85  21  38  76  15  13  29  42  1  64  54  35  60  26  14  18  82  34  8  72  75  70  58  48  85  4  64  56  59  13  64  17  67  65  42  94  18  18  73  1  65  56  73  23  13  10  94  94  62  79  34  92  86  36  51  91  100  76  28  93  21  7  11  54  28  51  74  37  64  22  15  38  79  34  74  60  71  14  82  54  58  49  69  78  13  45  22  91  78  34  2  26  58  16  5  66  62  12  78  39  96  44  84  5  95  73  57  59  23  60  97  88  96  40  20  98  85  21  37  59  91  73  43  55  67  100  75  98  21  10  48  50  
33  35  32  80  61  10  83  65  6  83  64  59  51  72  26  64  69  19  4  47  40  13  10  55  18  15  65  32  83  90  29  8  71  20  61  40  94  2  75  96  91  56  57  9  67  91  39  81  13  50  95  24  83  19  59  20  94  84  100  40  40  82  68  52  96  85  55  89  35  6  82  35  43  91  37  2  64  70  14  30  73  3  16  68  3  58  60  35  2  29  95  90  86  37  42  6  99  68  30  36  91  81  35  92  70  46  77  62  96  45  92  16  56  54  73  18  8  11  96  74  16  71  19  14  3  32  95  22  29  80  86  41  85  17  45  56  30  20  53  39  31  12  87  25  49  70  37  83  40  24  
90  75  18  65  66  20  90  29  19  45  11  15  8  5  24  90  26  45  67  80  70  70  19  36  60  69  20  9  96  97  50  80  41  15  82  1  10  24  63  67  52  84  47  92  58  83  20  11  67  49  91  50  1  45  59  86  12  62  64  5  43  74  18  35  78  100  14  76  40  8  58  69  65  37  96  64  60  49  94  92  20  80  65  95  6  67  12  69  40  49  64  72  25  10  1  82  47  55  93  45  57  89  75  47  67  89  73  32  45  80  90  52  94  51  61  31  1  80  86  73  71  40  57  5  49  92  51  79  52  26  52  1  82  41  7  42  10  90  66  48  33  75  7  49  74  99  36  19  16  70  
39  65  90  16  80  74  39  6  77  19  91  93  5  98  81  87  74  54  7  53  67  72  6  94  33  8  4  31  90  64  1  47  75  71  10  71  65  25  42  4  99  47  27  47  16  57  3  77  88  44  93  77  84  45  51  78  3  20  36  43  80  34  68  98  41  7  31  57  53  39  80  84  36  81  11  78  45  88  30  8  34  10  17  74  18  77  58  15  61  26  13  53  55  62  4  86  25  76  80  47  3  3  74  79  60  35  29  58  15  18  87  11  89  12  33  64  83  8  96  28  62  2  27  34  40  100  26  63  36  64  86  21  92  22  90  62  13  27  62  42  67  29  13  86  48  46  79  25  12  73  
88  98  19  30  17  89  15  60  97  87  44  83  11  93  25  50  23  1  80  74  81  90  28  95  45  76  100  63  18  75  46  43  77  6  35  84  65  10  50  99  33  16  74  51  78  73  86  46  14  37  84  74  32  9  98  44  3  35  45  35  69  39  50  56  35  23  77  59  24  12  65  23  42  78  91  62  9  63  3  57  20  61  97  9  77  83  55  8  94  20  66  28  11  29  95  88  95  66  68  64  61  13  73  67  97  40  4  5  51  41  30  48  73  6  34  4  55  50  77  57  60  7  14  57  15  30  50  74  43  64  47  73  71  79  44  56  83  45  59  39  8  20  23  90  36  2  46  72  46  73  
45  12  76  67  10  27  50  53  11  11  20  42  9  95  23  37  16  92  58  41  8  3  97  9  55  27  97  41  85  23  14  61  40  80  19  97  84  52  68  53  46  30  28  26  53  22  18  86  71  67  11  66  25  1  46  68  69  7  89  78  39  92  86  63  88  69  79  13  93  26  10  49  92  20  1  10  21  26  8  55  37  24  48  74  100  48  34  74  42  45  91  72  71  72  62  68  92  34  34  28  95  76  94  3  45  43  56  51  94  41  51  41  88  62  88  37  24  87  57  92  36  31  3  5  62  28  40  4  27  82  4  40  87  42  17  44  18  54  38  7  66  3  42  42  32  49  16  62  50  43  
34  3  28  9  65  39  85  20  52  23  77  11  58  51  77  29  34  85  97  1  76  78  98  52  68  56  50  22  51  8  26  79  94  27  42  37  44  71  21  95  15  68  24  70  68  11  59  51  93  49  73  53  20  9  87  86  47  25  6  15  18  21  18  32  12  100  75  80  17  33  4  21  35  60  3  15  14  75  9  6  62  98  59  24  27  81  78  86  57  53  68  47  12  82  58  2  37  2  82  98  72  33  12  25  6  60  93  75  57  42  79  6  42  4  30  28  24  95  1  35  60  22  92  91  25  2  39  23  41  56  20  72  70  51  2  63  54  27  30  55  62  88  70  81  79  29  2  11  57  79  
86  27  30  72  81  26  84  40  80  86  14  2  75  15  32  56  99  4  56  81  44  5  66  75  73  40  48  43  67  9  6  8  54  30  5  71  31  97  81  83  26  51  47  60  54  12  26  89  99  92  48  93  92  93  24  17  26  37  47  58  24  63  21  56  55  55  20  44  62  35  68  50  34  33  18  98  38  37  34  72  60  94  59  96  18  63  66  71  14  8  27  92  51  76  68  97  82  46  56  32  89  56  29  28  80  88  86  98  74  19  30  90  97  41  7  32  8  96  33  8  8  76  81  19  66  52  55  50  36  67  4  63  37  76  13  62  16  3  27  54  97  86  99  46  52  3  49  91  40  56  
39  84  11  14  34  36  59  14  69  14  1  60  16  10  64  51  1  85  51  96  12  35  77  49  6  95  91  88  47  25  72  10  98  22  44  46  58  89  47  11  78  48  71  30  16  23  7  59  81  45  59  45  26  30  16  97  90  88  32  91  87  100  76  59  84  78  89  74  79  69  6  80  24  95  56  43  25  74  44  94  7  67  14  32  62  60  60  56  4  57  80  15  77  73  28  20  57  12  96  21  32  93  13  46  45  92  91  95  19  66  52  96  52  90  10  58  41  8  68  87  99  100  19  59  48  21  52  13  75  40  67  16  73  26  92  67  44  97  63  27  84  45  37  70  27  52  8  65  10  61  
3  96  74  40  30  53  30  70  72  21  90  80  28  13  14  94  20  93  68  57  3  45  52  99  2  4  10  94  74  58  54  14  29  89  91  41  26  9  82  76  46  50  7  87  52  3  38  80  43  100  37  57  43  21  95  90  9  45  77  86  35  88  55  13  45  55  80  31  77  75  88  3  47  84  34  55  88  64  87  22  49  90  29  36  45  74  96  68  85  53  53  66  58  91  4  67  17  40  86  26  83  98  90  63  67  10  67  74  55  42  72  25  95  44  31  89  71  6  44  41  29  7  58  51  12  85  45  13  27  54  54  63  8  14  26  35  62  97  2  33  25  8  37  6  51  16  4  31  25  17  
78  95  79  95  29  39  60  90  78  23  78  39  76  36  65  1  72  60  97  80  71  27  29  16  88  44  52  73  36  33  31  19  97  62  73  79  84  90  70  6  4  90  59  17  22  31  15  47  84  30  19  87  71  90  23  15  39  77  29  77  29  99  53  93  81  45  77  79  17  3  69  23  48  37  88  73  1  78  6  90  54  32  94  42  92  81  84  39  46  50  15  95  89  2  33  52  10  24  94  24  67  22  92  59  89  61  20  93  81  89  64  84  10  27  78  37  89  74  73  22  8  28  69  65  9  10  43  96  89  15  36  91  100  8  81  44  69  82  40  66  27  47  6  53  70  45  60  83  63  8  
90  95  50  32  29  67  34  79  47  51  100  20  96  39  72  62  71  47  48  35  23  28  89  51  61  3  96  4  17  6  95  13  8  36  8  52  59  41  74  89  87  14  66  95  47  6  74  82  76  63  98  65  3  78  47  62  34  58  43  34  88  70  100  53  98  90  55  35  19  15  70  81  72  99  44  3  32  59  27  94  25  66  55  68  76  88  34  56  93  41  23  80  57  29  65  75  47  83  58  53  97  26  49  100  58  67  18  58  93  20  4  35  16  63  71  9  95  79  17  93  22  45  25  23  9  96  24  22  66  100  47  6  87  60  19  8  100  78  78  31  84  21  23  1  77  51  76  88  24  73  
51  5  23  67  55  59  17  16  21  44  97  91  84  54  27  85  69  18  3  28  62  6  93  23  66  78  47  4  3  25  40  13  8  55  70  20  73  88  10  36  24  17  99  51  92  20  24  81  35  56  8  72  57  28  21  37  13  34  47  91  32  71  77  58  47  62  69  83  40  36  67  85  2  82  87  1  80  36  91  92  100  50  66  48  12  67  67  81  65  23  86  64  8  38  39  66  40  81  34  19  94  52  90  40  39  14  33  30  4  2  9  39  68  2  81  94  30  88  47  92  75  62  80  43  99  72  70  57  72  98  95  1  45  99  48  85  90  8  69  6  33  35  16  9  97  51  82  92  14  86  
80  51  43  78  60  66  89  99  19  16  8  38  23  20  86  26  2  61  2  7  36  100  11  88  33  89  71  6  48  69  14  24  38  34  37  62  15  69  22  58  41  54  40  50  77  10  90  5  12  63  72  1  55  81  65  96  7  61  19  71  86  96  70  98  39  52  64  72  92  7  68  95  19  74  31  100  67  51  70  13  33  8  43  86  77  9  66  67  5  97  79  49  41  16  42  59  47  98  10  14  80  53  4  43  34  74  68  34  74  66  13  86  89  63  80  88  69  42  61  83  28  3  73  36  95  11  32  97  17  6  89  38  75  77  7  82  26  56  80  27  82  81  44  83  39  26  61  17  71  26  
100  60  53  68  20  60  16  64  47  76  42  5  43  44  5  21  82  1  78  89  72  78  10  35  83  15  66  81  48  51  50  1  25  82  2  58  55  74  53  48  70  83  64  47  17  58  68  69  78  73  50  84  11  23  60  19  30  40  33  41  64  8  88  70  12  89  34  81  95  32  91  45  45  78  59  79  54  87  75  20  35  94  56  14  38  24  48  85  95  80  39  47  36  12  68  32  1  21  47  44  69  72  65  64  26  50  79  17  65  61  21  4  63  26  59  83  66  11  26  95  88  52  27  24  91  10  57  9  5  61  41  35  15  75  3  27  30  6  49  86  43  71  47  98  54  70  15  1  67  80  
57  33  80  85  74  81  98  19  10  51  37  43  68  35  67  9  91  27  5  7  32  65  96  9  7  85  86  33  99  13  36  48  56  86  88  5  37  1  12  23  74  16  6  15  96  38  50  16  27  98  40  73  57  49  94  87  63  28  51  7  42  20  90  18  12  78  57  55  62  30  31  55  40  74  11  44  63  53  93  44  100  56  13  1  50  18  15  64  20  43  36  51  3  30  87  45  12  60  28  77  74  96  37  85  8  88  42  98  56  35  33  65  88  31  9  15  99  20  70  7  97  15  50  19  69  27  24  20  79  79  23  50  33  34  59  98  71  79  55  99  11  94  80  16  98  32  24  5  20  71  
66  100  36  82  51  18  86  96  9  75  21  95  23  97  58  34  4  9  79  99  14  90  5  6  25  95  46  54  96  57  88  28  95  79  2  60  8  25  54  37  52  64  67  67  6  81  83  13  79  21  82  63  4  43  50  74  72  72  13  86  55  5  71  1  64  67  77  41  27  25  12  30  66  100  7  93  49  44  35  81  50  85  96  49  51  52  90  54  75  55  29  60  55  8  56  55  38  100  65  43  5  46  32  16  46  33  54  75  55  61  15  85  79  8  73  48  69  39  27  49  2  75  12  82  7  65  85  98  41  99  66  50  61  6  68  14  82  39  72  28  92  73  20  49  43  96  44  44  52  55  
85  59  40  70  25  56  45  3  69  74  87  72  19  88  84  47  57  57  75  58  54  75  19  11  26  85  69  63  93  22  51  17  62  25  99  48  16  72  69  93  21  21  51  87  68  22  76  100  40  15  31  28  12  35  26  57  77  37  65  76  69  96  65  94  53  68  79  32  57  26  2  64  68  23  8  15  55  53  35  20  85  10  83  44  57  70  17  79  67  33  72  29  14  95  40  30  32  7  71  1  2  29  5  97  92  72  74  55  33  83  91  53  80  43  38  64  4  28  3  99  35  85  24  83  85  30  55  85  34  35  32  72  48  8  34  53  4  46  1  86  87  23  36  55  14  2  57  49  1  98  
63  17  15  18  29  23  52  33  34  13  3  15  7  45  17  96  28  8  11  85  82  3  12  2  69  80  52  66  12  74  1  28  54  70  59  88  90  60  1  93  9  60  94  78  22  4  33  49  24  18  79  46  81  84  85  41  39  84  89  44  78  89  44  60  74  94  58  33  96  32  69  60  67  25  52  71  57  48  12  94  46  70  70  65  82  84  42  75  72  18  57  91  37  93  81  57  37  19  58  29  10  13  82  14  11  70  58  8  16  96  55  81  87  41  90  1  68  48  69  6  72  89  82  91  13  79  86  15  19  90  25  78  56  63  80  16  99  38  99  8  81  46  38  93  36  13  60  1  71  31  
67  63  37  63  34  100  71  28  52  62  98  11  20  4  39  77  54  99  79  30  36  87  7  6  33  88  39  70  29  72  71  54  61  42  43  16  70  46  51  84  16  39  76  51  65  27  14  20  80  24  84  32  81  71  52  83  27  46  79  29  96  63  30  87  60  31  62  94  24  55  13  38  74  65  78  47  14  90  29  94  12  14  38  1  59  23  53  30  65  12  53  38  3  1  96  58  19  8  35  43  56  82  60  38  77  92  49  32  40  76  88  13  5  63  15  83  61  73  48  46  94  95  80  12  81  7  42  60  71  33  45  46  16  38  32  85  86  83  64  100  79  88  75  60  99  73  2  66  94  59  
63  8  29  100  69  87  7  22  93  22  66  33  55  24  61  55  69  66  23  45  22  93  37  4  33  98  62  97  76  6  89  40  56  56  18  74  92  21  88  80  6  8  70  53  90  6  57  17  47  58  55  48  72  30  22  10  79  3  12  100  15  40  39  82  31  85  85  39  46  42  36  57  72  83  9  28  63  34  91  43  14  69  81  30  1  97  3  74  33  4  25  96  8  50  93  82  47  4  23  28  1  37  65  22  48  36  51  61  94  52  36  10  59  84  29  92  42  13  67  87  46  52  2  6  81  5  93  92  62  55  100  27  32  85  45  9  89  72  39  65  16  24  71  38  36  85  69  45  9  37  
28  6  36  93  54  18  88  23  94  38  33  59  91  75  52  78  10  7  78  9  3  24  92  28  9  49  90  65  24  9  44  32  87  58  26  84  92  3  4  19  38  17  42  54  61  1  35  35  32  17  77  94  88  69  13  93  25  72  29  65  97  25  78  67  100  91  49  15  94  49  75  83  50  51  12  20  22  13  81  12  95  34  39  92  67  79  54  92  38  47  24  67  46  91  23  38  8  81  90  3  59  74  46  60  42  3  91  4  1  77  12  10  89  97  65  66  60  83  25  45  52  83  45  46  97  89  46  11  19  35  94  30  20  62  37  88  38  18  5  45  94  7  48  24  99  57  34  23  63  35  
76  24  50  22  16  14  64  26  31  35  48  93  4  60  93  35  68  30  54  54  93  65  78  47  27  65  1  59  22  67  82  28  84  10  81  87  33  23  29  36  3  37  84  39  1  57  76  48  33  36  11  63  78  86  57  76  17  45  37  13  79  3  32  84  1  78  91  9  30  3  68  48  68  98  57  80  2  1  98  30  38  61  60  40  22  96  22  96  95  16  53  9  80  87  74  53  8  74  21  11  75  66  74  5  78  86  73  95  10  86  69  4  54  31  22  50  48  37  52  29  62  75  40  98  77  85  48  16  14  16  98  21  39  39  84  78  28  55  68  25  85  73  97  34  68  7  72  20  18  71  
41  57  97  83  28  41  13  3  83  38  89  95  61  100  31  17  10  20  63  14  28  78  27  25  33  2  73  90  16  76  67  3  78  17  57  71  57  60  13  45  84  25  93  100  30  20  17  75  77  18  45  72  33  19  98  27  91  82  60  82  56  39  27  44  27  94  87  17  50  20  29  85  32  64  12  77  65  86  34  46  37  96  3  61  80  72  1  47  57  36  100  46  68  24  77  12  82  41  18  50  57  58  46  67  70  27  2  31  54  75  73  73  84  100  19  94  10  35  49  43  23  67  20  57  50  14  54  86  2  64  65  4  20  70  5  21  98  53  1  98  16  61  37  18  88  2  78  61  63  17  
72  66  62  80  7  4  100  61  55  40  34  98  39  49  27  30  63  62  65  59  50  56  29  32  84  55  84  97  63  20  43  100  5  73  76  79  73  10  22  19  13  7  20  37  4  46  40  88  56  84  3  76  79  60  4  63  85  97  61  80  51  97  68  68  53  45  1  83  47  97  12  42  13  4  49  69  3  76  100  10  13  19  4  34  10  92  35  20  44  83  81  56  97  75  98  33  6  14  30  97  38  13  81  57  78  9  48  38  20  87  63  95  61  24  34  86  4  38  72  2  38  27  48  51  85  83  2  51  18  96  31  59  53  62  80  85  10  46  56  98  89  54  17  19  38  95  61  23  42  68  
64  68  17  98  81  29  31  80  97  100  68  84  46  51  66  79  100  12  82  99  41  78  28  80  98  65  38  37  91  10  84  1  43  44  77  27  18  14  54  78  60  42  14  25  74  65  99  23  9  42  25  91  50  19  57  94  100  95  84  32  37  33  49  33  77  53  18  30  78  98  41  93  52  80  78  4  54  98  98  16  24  24  30  31  71  89  38  2  8  16  26  68  29  84  97  90  57  92  68  46  22  30  55  76  95  55  65  18  88  97  97  51  60  36  62  5  43  75  18  8  12  45  60  45  85  19  55  91  78  33  59  6  79  19  35  95  14  81  37  26  9  57  36  47  16  31  53  47  73  100  
25  21  44  46  1  15  83  29  24  62  20  13  54  13  73  13  18  25  98  17  54  75  67  93  12  66  14  65  75  77  48  43  90  60  8  100  4  68  63  72  27  77  41  8  60  43  53  95  41  69  50  68  1  59  95  79  1  23  55  78  56  65  43  35  33  79  53  18  48  78  89  11  48  17  39  33  91  10  39  44  21  64  98  45  79  18  36  9  2  60  31  52  46  4  77  50  56  43  30  96  89  16  65  24  31  35  74  6  52  96  73  40  13  76  80  5  38  53  15  36  98  100  41  66  81  50  99  57  85  67  28  97  9  37  55  4  23  93  53  95  100  62  35  29  15  21  35  96  41  33  
15  63  58  16  66  22  46  85  6  54  60  11  76  49  46  46  86  81  64  83  93  49  41  10  37  2  99  57  76  86  56  11  88  30  79  78  28  55  96  57  2  70  84  52  76  31  66  31  50  50  20  3  87  78  93  46  12  65  32  21  82  20  5  83  81  23  95  79  80  81  5  77  45  10  89  70  27  26  35  29  5  58  20  46  39  79  15  39  11  15  29  99  90  76  12  94  29  79  33  22  13  78  34  32  15  1  95  27  1  82  8  100  51  77  6  5  89  48  27  67  88  41  26  52  7  88  27  79  26  3  95  58  76  4  41  30  31  64  95  67  96  45  51  95  68  92  52  57  7  87  
87  55  47  80  27  7  33  29  100  62  13  84  5  50  79  39  75  44  63  79  74  36  91  35  59  85  10  87  52  62  9  74  88  20  24  82  92  46  15  67  71  10  22  99  89  34  75  89  3  10  94  37  46  61  18  66  53  71  82  1  22  87  57  24  2  85  3  30  62  68  14  5  28  26  80  74  31  61  36  58  81  69  47  36  26  23  93  78  88  5  79  62  31  97  81  35  32  25  40  13  95  32  69  14  44  14  36  65  97  21  57  47  47  74  37  58  11  42  75  33  77  8  91  30  87  99  49  26  90  53  72  39  91  63  33  22  86  20  33  56  29  30  28  36  47  36  93  33  57  32  
46  16  3  28  3  41  39  17  73  73  16  35  62  53  12  66  92  91  71  66  83  3  22  85  84  44  76  26  91  71  21  87  28  54  74  31  20  29  87  51  50  25  3  48  96  20  7  54  62  74  61  56  90  72  29  74  16  37  82  27  29  81  64  57  12  46  76  85  14  66  65  11  52  87  69  61  13  79  82  62  12  91  32  9  13  59  66  54  64  5  25  97  68  74  79  51  83  26  90  55  30  2  1  15  42  27  83  98  20  2  25  93  76  55  4  98  5  26  25  2  100  66  53  11  7  59  58  75  81  29  36  87  67  58  62  58  78  73  38  91  1  86  56  1  79  79  59  25  33  60  
94  96  19  29  44  86  30  41  32  32  49  4  80  71  5  5  57  12  80  7  20  53  76  3  39  44  55  6  83  89  63  88  42  94  46  41  8  79  34  25  37  91  7  86  20  82  42  45  33  86  58  47  61  61  7  87  98  10  21  57  53  4  92  96  23  4  65  46  36  22  94  10  65  55  22  38  34  47  36  4  46  84  33  9  34  55  9  47  86  8  20  12  25  67  22  37  44  17  18  32  64  20  2  37  100  20  70  95  6  29  48  96  62  64  91  80  85  54  94  52  13  48  6  73  13  86  26  15  98  47  70  85  68  73  40  62  20  49  96  56  19  99  82  63  87  9  15  11  69  63  
33  52  84  48  54  9  40  65  99  12  88  47  79  17  36  99  100  86  98  38  89  40  47  7  12  7  71  57  46  66  95  15  19  62  54  33  37  50  51  39  31  80  33  20  18  82  15  91  61  18  54  90  33  67  54  17  93  12  8  5  65  77  51  32  83  65  5  91  42  47  37  3  39  85  38  13  50  76  29  56  2  97  17  45  15  94  43  17  11  70  37  61  5  31  63  46  26  62  1  55  72  41  35  50  63  27  64  78  42  23  68  54  28  52  74  16  42  94  14  52  62  54  59  33  46  38  73  40  75  53  52  90  63  49  28  73  67  84  16  97  45  39  97  75  28  18  67  23  10  65  
72  7  51  54  25  72  72  28  64  17  29  81  15  70  15  52  92  53  98  48  21  48  71  54  60  22  81  15  8  7  59  22  20  3  70  16  58  8  32  34  41  73  48  59  12  97  52  84  95  49  39  100  86  34  50  96  87  35  55  12  56  86  80  69  26  39  30  78  71  38  17  93  71  17  13  16  47  12  94  61  5  57  34  92  51  48  56  38  85  2  14  91  75  88  65  35  58  8  59  40  33  42  69  35  30  39  89  57  21  33  63  55  78  10  88  89  85  6  8  7  93  91  12  24  86  75  64  10  31  62  69  61  71  76  84  51  3  94  87  98  8  55  38  77  94  53  65  22  36  100  
82  37  45  12  12  49  91  97  85  54  13  48  90  44  85  74  76  37  5  65  30  33  40  28  8  29  88  88  30  74  62  4  89  81  50  6  5  52  1  3  91  48  15  32  32  82  71  55  85  86  81  76  57  58  10  37  5  90  77  17  5  76  2  14  82  62  58  7  11  39  35  83  2  83  11  89  56  8  1  16  30  74  29  21  55  72  61  73  28  91  96  79  50  92  53  96  49  42  55  17  41  83  12  22  48  14  27  49  79  80  89  61  83  76  64  97  85  27  93  38  13  15  35  34  55  2  92  100  41  16  95  37  71  19  9  91  71  29  88  84  57  62  81  83  17  19  44  66  56  41  
86  18  44  74  12  5  85  10  74  15  41  55  65  67  49  80  98  15  26  84  84  29  48  37  62  80  37  82  33  57  94  85  61  86  45  21  92  52  40  45  56  31  76  47  8  11  25  17  37  25  80  2  65  46  14  28  91  4  44  35  63  58  6  33  79  17  40  65  11  51  22  93  22  45  5  20  96  15  42  20  87  71  99  54  24  74  66  34  18  45  83  99  35  68  4  66  57  53  81  66  64  84  18  26  82  77  18  71  24  2  71  14  90  72  54  11  16  47  7  10  19  96  85  41  53  82  54  12  45  69  92  99  47  22  28  90  64  42  25  11  66  6  5  70  21  19  93  36  31  39  
37  12  29  82  35  58  44  35  34  66  80  14  30  87  54  90  18  31  75  24  58  25  15  16  59  75  50  19  14  16  41  35  43  46  38  15  3  48  57  66  83  18  90  38  94  31  41  74  32  86  1  62  65  79  19  41  8  14  29  53  69  79  3  5  89  13  82  26  51  27  59  26  84  2  89  64  14  40  20  87  77  88  39  74  22  42  52  18  9  71  58  81  66  96  24  69  81  45  31  66  56  43  6  7  90  72  38  24  1  45  40  25  72  38  59  48  5  78  12  1  81  26  72  62  45  94  57  34  3  16  80  31  94  55  95  14  78  44  2  91  62  82  64  73  48  54  68  58  65  3  
75  5  65  95  54  100  37  26  88  73  75  53  5  32  13  65  25  100  55  21  62  45  8  80  56  14  42  14  49  27  40  39  12  28  49  75  96  41  64  85  20  80  99  87  80  88  11  23  36  7  48  10  54  53  87  37  58  18  95  31  7  44  53  3  87  56  78  83  37  6  22  96  21  20  49  21  69  29  33  86  42  37  47  81  45  66  97  19  77  83  20  54  21  24  87  86  69  63  14  70  77  61  54  20  82  48  33  53  78  36  58  23  8  20  43  79  53  6  17  11  47  48  57  36  55  30  81  65  51  73  41  95  42  71  80  88  45  31  93  32  49  74  18  86  92  93  26  76  91  15  
94  80  27  32  47  37  65  18  72  17  21  19  74  13  92  5  5  91  97  1  93  31  21  55  87  7  53  9  5  38  28  58  76  57  62  40  1  27  30  18  34  32  7  66  72  68  7  26  60  77  81  30  98  5  32  53  97  85  21  89  82  15  3  88  18  34  39  71  45  37  83  64  77  80  99  32  41  21  6  41  83  79  88  6  90  72  92  85  8  81  73  57  75  70  83  19  57  4  61  82  9  92  33  55  5  93  24  37  73  1  36  75  48  57  66  59  54  45  24  71  73  44  69  74  83  42  95  43  40  79  60  5  4  61  21  9  47  69  87  73  91  57  15  7  75  10  9  96  79  23  
72  15  56  53  62  46  85  46  70  72  58  39  12  42  15  72  28  68  64  36  93  85  71  72  85  61  78  90  70  62  53  61  75  90  58  87  13  83  43  1  23  93  58  97  62  7  62  43  57  83  80  2  13  37  33  37  49  3  59  56  51  3  60  79  64  20  22  75  65  52  80  6  52  85  46  42  30  50  10  87  8  21  82  78  40  12  36  99  6  7  51  49  67  19  77  58  33  76  27  48  30  65  75  96  3  43  90  67  91  87  95  80  88  83  40  21  70  95  52  2  43  17  93  100  43  39  89  64  17  69  27  89  8  96  41  76  49  25  94  89  29  5  79  37  93  75  58  83  77  17  
70  98  85  60  69  22  96  84  66  67  4  98  21  71  43  79  45  21  65  33  90  10  48  40  24  70  32  74  100  74  9  28  44  73  36  54  2  86  1  17  67  43  57  54  82  70  40  59  40  24  76  12  72  27  50  54  33  41  87  41  98  16  1  90  18  81  86  93  89  3  80  5  69  46  92  18  34  87  99  66  26  56  83  62  6  32  28  51  31  68  95  93  12  69  67  82  85  92  72  48  62  74  46  15  92  4  63  91  38  19  8  7  52  65  97  40  14  69  2  20  89  18  43  50  75  99  73  83  28  56  72  90  84  9  98  10  71  43  32  50  91  42  36  26  62  83  73  12  54  63  
23  21  57  82  69  49  43  92  2  86  57  99  75  31  58  40  83  74  99  78  4  91  46  85  72  29  79  26  70  30  44  48  51  16  82  17  3  34  45  64  16  85  77  90  87  54  7  82  4  31  10  57  54  26  32  5  88  67  14  99  83  61  53  28  16  99  71  84  2  77  63  22  42  27  35  26  38  49  78  12  6  60  95  70  25  41  13  21  91  70  61  1  30  43  74  64  25  30  67  24  83  39  78  10  3  54  7  95  58  48  65  27  89  90  44  42  63  53  88  76  91  2  86  69  50  75  79  92  92  60  29  15  30  79  28  14  51  19  69  89  46  84  82  82  54  47  57  25  40  52  
63  1  76  13  90  91  3  20  79  90  76  84  28  31  65  28  68  44  1  11  98  100  70  90  42  64  44  97  5  80  62  17  92  83  69  74  91  81  86  19  40  98  90  44  73  47  27  41  61  51  29  75  77  14  54  84  78  28  35  63  44  32  67  20  97  76  53  82  99  36  85  92  81  73  49  72  56  97  99  51  37  41  69  23  41  45  35  99  64  55  75  13  59  80  84  11  89  72  88  36  71  20  24  81  45  34  88  57  59  73  79  21  17  84  15  18  89  48  3  32  65  51  83  65  49  43  49  96  53  53  35  43  84  55  31  41  61  8  28  76  25  57  90  22  10  30  57  10  84  89  
59  70  66  59  100  55  94  61  30  54  16  78  1  55  99  49  65  65  66  20  61  14  99  79  98  67  98  32  43  30  53  93  83  35  8  49  100  15  86  72  84  6  30  14  52  32  47  17  72  61  57  40  43  48  97  5  73  2  72  16  100  49  99  48  44  44  89  53  11  9  7  92  52  95  91  1  77  62  44  23  40  5  74  23  13  97  85  76  81  8  9  55  61  72  69  63  66  26  42  91  11  50  74  76  76  37  58  29  34  41  35  36  11  26  37  38  54  93  80  23  82  36  88  5  89  18  40  57  6  51  57  74  49  36  14  77  62  58  25  13  40  27  77  25  44  92  8  40  98  8  
82  45  8  29  74  90  26  92  75  81  32  24  43  66  88  66  54  59  45  1  22  7  83  8  23  38  69  23  30  9  8  80  86  36  12  57  88  60  47  91  13  12  36  94  70  32  56  95  75  62  30  90  15  63  14  85  38  92  64  5  100  71  97  79  52  79  69  64  67  60  93  73  27  11  87  51  20  17  40  74  31  60  37  51  92  48  25  24  78  15  70  14  36  89  63  15  11  16  32  10  32  30  27  71  34  83  39  75  47  16  89  23  59  48  90  66  77  67  80  36  100  30  5  46  68  1  1  35  5  19  65  27  13  6  35  89  58  3  39  56  34  55  50  12  71  38  69  93  46  14  
