130
78  37  59  78  94  32  43  27  37  71  28  26  84  75  15  55  56  27  65  80  27  48  29  30  75  65  30  32  48  42  84  62  38  52  83  14  33  35  17  72  64  65  33  76  35  79  78  8  12  54  46  12  37  42  34  78  1  12  94  23  46  97  59  58  90  94  52  27  82  64  37  99  62  59  28  28  31  34  31  64  67  90  27  21  65  29  59  84  35  100  42  74  9  55  10  76  76  67  77  94  96  32  44  43  82  25  20  82  13  57  2  82  41  77  97  87  75  58  69  21  100  78  94  85  18  16  29  66  97  67  
91  14  7  55  86  82  81  53  77  31  47  80  57  82  97  14  96  67  27  69  95  89  5  95  11  5  31  79  10  53  92  42  31  44  22  42  43  26  95  15  27  27  71  82  11  1  90  46  95  4  27  30  8  82  48  76  56  22  10  35  14  99  3  29  80  52  42  37  6  67  40  23  95  7  54  14  91  2  86  34  18  24  79  51  60  30  67  84  36  100  91  17  64  50  68  37  35  20  10  100  37  53  91  25  43  27  56  16  64  25  58  21  99  59  61  27  96  13  82  24  34  88  7  39  92  77  58  2  16  2  
93  70  36  69  8  91  62  29  42  24  26  38  25  21  68  27  52  86  8  41  83  89  53  99  24  80  64  8  9  47  86  83  25  1  38  26  7  32  79  67  71  7  87  61  56  84  38  51  71  42  53  32  65  4  84  88  4  79  65  38  24  47  44  39  91  64  22  3  94  91  84  44  19  47  44  25  13  58  54  78  90  9  54  96  39  16  44  56  21  35  56  66  53  99  50  79  32  53  40  53  65  64  86  40  22  93  54  37  68  52  7  90  20  30  42  41  55  18  23  71  29  64  78  33  39  32  96  43  44  63  
32  98  8  17  20  59  6  51  38  45  93  1  22  76  90  88  32  35  67  38  25  31  85  27  100  59  4  80  96  58  31  10  18  44  96  97  89  48  43  55  90  90  38  23  12  39  80  60  2  54  49  93  43  47  64  96  61  54  85  86  80  44  24  49  67  85  73  96  88  59  48  58  21  80  100  9  80  12  90  46  51  92  40  22  9  43  64  76  35  13  98  82  7  71  33  17  62  75  79  32  63  23  3  44  51  27  9  35  8  91  29  71  68  15  83  62  64  67  72  71  14  4  65  81  9  51  58  60  40  56  
69  71  50  61  37  35  90  32  67  22  96  13  91  35  3  41  86  75  87  1  60  66  86  94  27  11  45  98  73  65  64  98  97  94  58  84  11  93  58  8  91  15  66  8  86  3  36  67  75  45  52  86  30  30  18  5  85  18  39  28  17  85  2  23  35  11  33  27  54  48  61  22  47  76  61  65  99  73  89  75  38  6  72  83  58  20  5  74  46  53  74  16  31  87  9  25  1  31  31  63  88  35  37  27  68  60  73  49  27  95  63  99  61  99  61  65  57  20  80  5  20  23  27  4  21  26  7  6  68  28  
88  18  20  100  13  94  77  33  25  42  55  34  66  34  55  48  20  47  58  7  4  41  12  5  22  48  34  71  31  13  48  80  49  29  25  62  16  80  52  35  93  39  86  93  30  14  75  31  56  96  41  77  50  39  87  72  2  90  26  2  11  8  1  72  75  17  41  59  78  38  14  14  73  41  38  20  76  39  99  5  44  11  49  87  60  60  84  64  53  11  33  82  99  28  78  13  27  77  68  32  23  64  71  61  67  27  86  1  37  54  5  28  24  52  77  86  70  68  25  33  64  50  38  12  78  49  32  26  59  31  
53  96  59  67  90  91  27  76  86  2  8  11  64  55  19  63  73  55  44  54  87  19  15  46  38  44  77  55  94  78  5  74  19  87  52  58  85  5  81  11  43  88  65  77  43  28  65  8  95  77  9  55  40  72  63  66  28  43  28  41  2  49  13  14  35  73  60  83  73  77  18  22  61  33  35  10  56  85  100  64  75  92  61  83  72  98  54  86  93  95  53  75  63  33  91  90  13  49  25  54  60  77  38  37  14  24  20  14  35  25  34  78  58  70  40  15  62  47  13  68  22  50  71  85  51  26  17  48  99  62  
22  6  44  39  9  55  67  35  31  13  85  83  34  44  12  89  27  26  25  35  66  43  8  63  55  54  96  13  25  86  10  45  46  14  24  19  83  69  97  74  18  54  48  56  82  9  62  8  79  62  64  30  65  85  12  42  64  63  41  83  77  87  75  64  35  74  39  21  90  97  52  68  48  81  40  16  41  67  61  54  25  32  37  86  26  70  100  35  97  74  63  33  91  45  45  44  12  64  94  15  82  22  95  99  55  38  56  49  22  73  38  78  48  76  5  45  100  7  98  94  97  1  62  29  52  91  82  17  97  41  
25  20  64  81  76  50  68  73  19  74  63  21  94  52  53  44  68  25  85  37  10  78  89  39  70  40  42  98  94  18  85  47  13  39  11  26  39  22  95  45  64  47  73  72  17  27  15  77  34  46  81  81  3  9  79  27  4  48  65  65  27  100  15  26  97  59  75  72  83  18  6  74  38  73  25  81  8  89  29  64  27  29  37  87  82  82  73  69  16  64  71  32  39  42  76  87  69  18  10  5  25  52  59  40  69  58  73  2  74  43  39  21  17  76  7  71  33  14  91  95  88  72  32  96  91  72  89  42  43  30  
97  71  3  87  2  81  98  80  69  28  3  90  17  83  13  87  66  100  35  39  46  4  95  50  81  44  18  73  60  57  79  7  38  53  3  88  57  89  4  77  65  24  21  53  48  99  82  31  4  94  71  47  24  54  42  46  68  23  22  63  25  23  15  13  49  51  4  30  34  78  97  22  12  90  75  29  70  85  1  41  73  50  74  65  85  23  59  39  17  42  63  47  61  31  36  35  61  100  21  26  7  1  3  60  13  44  48  87  93  50  38  52  31  64  63  100  37  64  26  64  9  86  99  12  62  100  8  84  47  91  
7  13  46  46  76  16  9  13  26  38  100  76  95  18  91  26  73  48  82  2  6  56  27  66  88  29  22  14  51  51  79  9  19  50  30  80  59  30  23  44  81  68  65  37  86  23  63  22  86  35  49  39  35  28  25  29  46  94  16  68  65  37  66  31  42  5  14  93  64  5  16  42  25  25  91  71  70  45  57  90  83  48  92  44  5  97  57  81  81  97  31  84  49  5  84  52  19  42  46  71  12  8  21  45  24  38  58  15  52  17  25  28  49  9  74  30  38  14  98  68  92  54  9  78  53  51  18  13  100  77  
91  43  27  47  92  42  41  60  8  44  27  30  98  31  86  29  98  97  28  87  58  64  76  45  64  51  66  60  35  41  1  33  88  74  85  63  4  29  88  63  68  85  53  7  52  36  44  13  100  86  44  19  34  88  45  40  89  25  34  17  81  87  71  84  72  10  93  22  63  28  4  59  69  17  48  44  87  39  20  40  60  100  46  100  44  51  11  34  47  66  68  70  62  44  89  56  58  39  99  27  52  100  3  79  57  29  30  9  76  7  21  46  92  56  47  59  38  24  84  80  32  85  88  20  64  55  4  50  32  99  
23  69  39  13  12  58  66  28  21  100  9  14  22  65  22  96  31  10  98  75  22  28  53  62  65  72  75  94  49  71  32  99  20  70  94  22  15  9  59  74  52  61  96  9  55  85  4  12  10  66  98  13  97  42  84  11  61  92  85  38  46  51  19  100  43  84  2  98  61  72  5  64  50  44  58  55  82  94  62  83  100  78  11  96  9  6  16  66  94  18  58  33  90  61  55  61  15  39  42  88  92  21  63  58  35  72  42  7  39  35  92  5  28  95  71  31  79  78  83  93  46  28  82  85  71  24  3  81  32  12  
6  55  27  74  50  67  47  62  19  11  68  43  36  75  42  87  66  20  37  93  49  40  67  52  24  59  50  74  93  15  98  57  19  36  93  92  7  42  42  72  2  33  42  54  8  77  78  74  54  43  99  69  65  95  32  48  85  4  50  23  14  73  13  94  1  76  80  90  63  97  41  22  28  12  96  91  70  91  4  56  47  6  56  100  25  1  96  35  22  30  13  88  41  75  59  53  58  85  91  47  7  16  33  95  97  57  15  84  72  91  31  71  46  59  36  63  78  16  84  81  49  16  9  95  8  89  25  54  57  66  
10  94  41  65  2  30  100  37  47  74  74  68  52  40  3  38  77  65  24  21  8  36  37  72  37  100  24  3  19  79  97  58  17  94  22  42  39  96  70  56  53  52  30  55  50  66  94  26  73  68  83  40  17  86  21  24  50  13  69  67  2  49  51  71  85  17  97  70  90  45  78  40  31  20  47  43  83  52  53  78  41  70  31  36  46  86  6  84  15  83  96  70  82  14  48  28  73  10  23  48  27  2  97  91  39  91  92  12  98  41  96  6  100  20  90  22  11  99  4  11  83  79  49  89  71  34  60  71  20  35  
96  2  57  64  96  30  25  94  13  88  19  8  24  6  63  86  94  21  53  64  8  37  59  86  39  48  83  91  97  17  21  31  43  62  87  90  94  51  59  7  2  18  73  85  78  14  9  38  92  76  74  59  24  98  4  23  59  30  91  84  32  27  6  19  16  42  40  48  68  52  75  24  78  45  94  77  47  59  72  95  77  83  89  100  92  49  58  36  18  47  74  24  39  20  16  85  44  69  52  54  45  12  21  56  41  26  38  77  75  13  37  18  22  76  4  70  11  15  54  45  46  16  19  29  36  5  20  95  93  60  
83  28  99  99  5  15  75  86  21  12  41  19  25  65  79  64  16  38  100  87  70  63  47  24  9  56  96  61  7  1  96  64  33  84  93  84  78  48  65  29  65  39  56  4  51  29  15  83  42  44  48  34  87  58  62  14  58  73  77  72  38  11  22  95  92  61  8  90  5  53  51  20  78  94  81  84  5  57  82  88  98  69  7  65  26  79  17  5  68  25  36  3  41  97  44  93  88  79  40  18  51  99  2  64  69  48  12  94  17  46  96  55  24  33  78  17  57  74  90  66  4  27  62  75  82  56  27  48  11  94  
26  22  27  63  46  87  85  71  9  24  58  67  9  34  22  50  24  1  43  40  3  90  34  63  50  11  4  70  4  86  22  59  15  55  52  15  31  59  30  89  32  61  53  94  34  2  11  53  18  20  43  2  65  83  93  6  65  45  79  38  64  78  48  46  56  31  87  17  64  28  31  2  72  60  48  51  35  81  98  95  8  13  27  3  15  87  86  74  64  2  59  81  74  19  90  52  88  58  77  92  2  34  20  86  80  38  11  36  53  86  9  42  60  28  53  26  62  70  25  52  43  100  66  69  34  16  1  1  53  16  
99  27  49  22  76  64  72  90  25  85  31  2  25  89  90  98  80  25  72  97  8  92  66  67  4  84  33  55  25  83  19  33  51  85  28  91  66  83  30  11  62  16  53  98  25  26  94  86  15  41  48  19  14  41  41  57  44  73  76  36  80  95  98  86  7  39  66  88  3  88  58  50  40  6  27  58  13  18  49  54  71  82  41  95  30  4  61  1  43  56  8  66  25  75  70  10  66  60  80  70  56  8  59  47  36  52  55  36  73  81  58  99  18  18  72  67  83  89  25  100  39  54  85  76  21  77  45  44  20  6  
16  67  61  67  100  5  52  27  66  25  30  38  80  59  72  65  12  40  29  33  82  18  30  86  90  19  25  13  44  30  44  23  43  81  9  53  9  16  14  13  55  93  88  80  36  98  6  20  49  62  37  51  26  86  71  58  57  44  6  98  83  77  16  73  95  77  40  78  29  81  28  87  4  64  29  32  5  93  3  27  68  38  32  63  52  7  34  50  54  36  56  97  49  78  24  61  84  25  26  63  36  95  78  62  41  29  71  43  28  8  91  1  37  24  96  3  87  64  24  78  1  47  72  39  83  3  60  37  91  84  
22  1  27  1  16  60  90  87  35  26  33  92  6  61  68  58  21  9  12  5  10  85  39  64  51  23  81  40  66  49  73  18  92  94  44  24  74  88  43  65  72  49  35  74  36  11  25  71  68  8  23  59  13  10  13  26  50  4  87  34  94  100  12  56  99  15  60  23  34  49  63  16  62  90  16  74  32  87  99  95  66  88  89  29  14  53  1  93  95  59  24  75  40  93  29  32  90  36  63  16  65  74  64  90  95  68  71  61  33  34  2  73  29  47  50  19  96  25  62  36  72  32  58  63  71  67  29  33  30  93  
75  94  59  64  65  11  18  95  86  96  28  96  19  60  61  74  37  1  72  58  74  21  50  9  33  75  10  68  96  46  44  15  23  93  13  4  40  74  43  89  90  13  54  80  83  88  55  90  4  65  5  24  86  99  29  70  55  50  48  5  30  70  18  72  42  56  65  82  7  48  8  20  83  34  8  84  73  6  59  15  44  69  78  67  49  25  52  32  96  40  93  26  31  14  32  11  63  75  60  43  58  98  61  68  33  89  7  23  83  78  25  88  75  42  46  50  36  71  14  47  18  28  44  20  97  10  85  80  34  95  
66  84  19  15  7  53  94  34  1  58  51  87  94  57  2  36  36  59  60  29  3  52  63  73  6  22  74  8  99  30  12  61  57  30  11  4  83  53  68  38  67  25  32  84  89  2  4  15  89  3  90  98  38  82  60  34  68  35  57  74  93  48  99  53  91  54  1  83  88  87  46  17  68  2  16  69  1  89  40  32  45  44  83  75  64  52  37  23  7  16  83  49  67  82  46  99  56  60  15  4  76  74  17  74  56  61  71  56  39  36  44  65  74  7  41  48  97  38  53  35  72  100  23  10  100  84  56  25  68  32  
2  100  82  50  23  61  61  65  61  64  89  98  11  64  76  87  43  64  64  33  27  94  46  97  76  23  14  48  73  57  31  77  45  41  50  59  58  16  73  93  19  26  79  100  57  38  99  52  36  27  84  26  48  49  18  85  75  97  36  12  28  57  48  67  53  100  72  20  92  16  39  34  39  12  18  95  14  26  32  87  88  57  7  94  80  76  60  80  51  25  97  44  19  73  40  51  98  54  32  76  67  95  3  98  84  95  80  75  45  29  14  43  98  14  100  62  69  99  98  17  83  59  86  12  66  55  85  7  96  66  
7  29  91  29  32  99  92  75  33  92  4  6  87  85  100  1  8  87  66  56  100  11  28  71  45  97  10  53  72  63  66  80  83  4  92  18  60  88  48  88  100  58  15  9  4  77  43  80  36  55  9  19  17  9  24  19  22  20  69  68  1  75  30  44  29  87  88  91  100  33  50  88  63  96  52  41  11  33  36  52  22  23  44  78  94  77  84  75  38  17  96  58  28  19  2  74  21  91  82  43  25  62  93  93  9  3  74  44  4  66  13  24  15  26  5  50  50  73  73  39  50  85  33  69  66  14  54  56  52  64  
53  98  87  56  48  73  16  13  2  9  55  42  25  58  76  33  34  53  97  87  43  76  69  23  26  25  22  91  22  76  88  14  98  97  70  91  28  31  25  51  25  73  66  67  44  84  24  61  62  35  3  44  16  87  7  58  69  77  62  47  99  76  34  70  42  43  34  58  62  59  32  85  81  98  30  52  99  62  86  56  26  9  32  55  83  25  7  8  64  15  78  19  87  14  66  13  26  2  57  1  51  23  64  4  79  52  88  2  44  82  40  59  46  69  8  6  55  93  42  34  64  87  63  18  57  61  15  46  27  94  
24  16  46  4  81  77  6  42  12  80  81  85  61  42  64  59  85  10  5  94  34  22  2  21  7  44  99  62  15  49  30  38  4  64  65  59  23  74  61  40  40  46  75  87  71  26  42  92  18  83  37  66  50  81  18  43  42  48  5  55  28  47  16  19  89  27  80  73  52  10  61  2  73  64  31  35  42  3  2  22  24  8  35  95  7  53  58  41  9  21  56  33  40  33  97  87  48  42  22  62  69  21  34  24  74  95  3  58  47  48  23  44  27  70  75  8  58  22  5  21  99  24  15  26  81  30  81  62  91  4  
82  47  89  48  79  11  20  20  19  34  49  35  62  74  98  64  82  95  11  71  10  78  12  48  86  29  10  65  19  9  69  13  66  85  8  23  36  85  2  69  40  29  70  84  26  54  67  70  41  32  81  42  18  59  7  80  77  43  52  93  82  21  23  18  59  80  19  63  88  66  62  92  10  41  37  33  76  23  72  82  5  20  27  79  66  27  74  100  62  88  91  25  91  75  78  14  47  36  38  62  91  20  78  75  13  29  1  47  83  78  84  53  18  92  99  15  98  86  34  34  2  17  85  95  23  70  93  34  96  67  
47  99  48  49  77  50  60  7  26  5  7  75  23  75  47  19  5  29  77  26  38  39  76  36  89  16  69  28  65  31  17  32  84  54  93  20  64  69  84  6  30  12  38  53  47  57  50  40  30  6  31  11  95  59  26  31  15  72  93  99  39  13  19  62  96  14  96  6  68  27  4  82  59  77  36  93  83  55  35  65  45  29  74  69  73  4  66  9  57  35  30  67  15  78  93  31  5  4  92  23  51  84  55  23  9  25  16  45  32  23  95  15  60  38  93  37  54  76  49  50  65  48  33  44  100  61  77  12  16  95  
77  16  76  50  94  93  62  38  8  35  37  55  26  4  43  8  78  11  55  88  10  20  18  20  20  1  57  80  73  38  57  31  17  43  78  72  83  16  20  4  47  16  36  69  28  84  13  22  45  100  3  90  22  54  30  26  37  51  1  63  21  27  27  57  99  88  76  12  52  57  71  86  66  82  48  70  9  6  40  48  77  32  51  5  37  31  100  92  60  92  70  67  58  11  52  28  2  9  10  35  78  15  94  35  56  99  81  82  99  55  68  27  93  15  96  8  42  50  13  15  15  47  13  68  73  69  60  8  46  18  
2  91  92  57  91  75  85  65  93  56  13  69  19  73  11  65  20  98  80  24  35  25  43  62  87  39  57  7  80  35  99  74  13  81  95  77  60  20  28  2  69  37  26  96  11  88  56  16  36  60  84  6  28  42  31  1  68  90  36  66  48  100  12  19  62  33  64  88  43  74  13  18  54  70  76  47  53  36  49  7  72  55  21  13  68  95  76  73  70  31  68  81  96  32  77  2  74  12  23  92  19  37  81  63  7  99  69  11  33  42  99  72  23  63  27  73  15  36  45  24  29  65  46  35  67  41  100  21  70  9  
29  13  59  81  53  32  29  53  43  39  28  15  54  7  36  33  47  82  90  27  33  68  97  8  11  61  66  40  10  67  11  12  60  28  57  29  93  54  14  67  73  48  31  43  6  17  84  59  52  52  53  23  14  66  7  32  90  93  60  46  79  8  25  23  53  51  21  87  23  50  100  29  7  83  94  87  33  78  45  38  39  15  91  95  79  67  54  15  76  30  75  26  6  67  45  73  66  43  94  100  35  61  17  34  94  53  17  72  38  11  94  80  75  30  15  86  89  60  30  4  66  18  19  56  6  78  90  17  35  69  
51  27  9  45  13  52  51  41  7  56  94  53  12  28  89  17  3  8  73  6  66  65  69  40  49  24  49  31  68  7  93  87  16  16  59  29  99  2  21  77  90  8  70  44  94  68  10  6  90  11  4  75  29  25  63  53  66  96  19  38  9  5  47  61  4  89  79  65  43  89  34  20  40  32  13  38  34  96  83  100  50  47  34  38  88  84  10  12  77  58  62  24  1  56  49  78  80  56  5  67  50  53  78  30  6  78  75  10  89  75  42  88  10  92  64  56  37  42  19  53  58  4  70  59  51  65  1  58  33  58  
49  15  74  45  22  83  62  81  96  27  92  76  98  94  75  13  89  68  95  43  56  22  58  45  52  84  26  45  17  55  3  60  35  13  28  7  78  88  53  89  95  45  76  82  88  13  54  74  58  59  92  29  56  40  57  6  98  56  21  30  86  67  82  30  18  21  24  43  87  31  69  56  1  25  42  87  41  84  60  57  17  30  19  69  9  17  31  52  64  40  25  38  94  6  77  56  30  52  92  40  18  52  65  57  17  57  96  37  18  74  91  18  97  67  41  40  53  35  82  87  56  89  41  48  16  24  93  38  20  88  
96  88  75  53  81  93  2  49  19  69  68  73  81  49  23  50  32  15  16  79  65  69  73  63  35  34  62  84  22  17  78  1  36  28  53  11  78  55  66  54  42  75  42  79  54  15  84  34  45  18  53  93  66  93  45  26  40  98  93  48  26  15  67  80  68  23  51  75  96  82  70  85  66  84  64  62  16  83  83  30  8  17  98  86  97  78  89  7  77  15  84  87  97  93  52  16  61  48  5  97  28  21  81  29  70  45  6  10  82  63  15  75  85  63  55  81  16  67  97  37  35  14  18  34  95  32  12  11  2  37  
23  63  2  20  90  32  69  48  51  90  88  59  84  77  17  96  56  56  95  71  34  19  33  81  78  94  16  62  30  19  57  86  37  94  45  71  1  21  46  56  40  62  29  44  59  61  54  97  51  77  33  45  94  31  52  51  30  26  13  91  53  73  89  45  22  61  2  65  82  63  16  28  91  66  24  82  99  18  78  61  63  32  86  84  10  8  39  42  45  69  45  96  39  91  27  63  97  35  70  62  39  41  3  73  42  88  89  35  30  26  97  48  19  77  19  52  94  75  83  95  83  88  91  79  23  86  2  55  57  74  
67  38  92  60  63  27  76  34  65  13  53  21  47  41  71  47  74  40  39  60  69  87  44  1  87  30  61  14  19  64  6  55  54  8  70  96  52  17  16  13  86  59  53  63  67  92  70  78  27  37  29  62  22  23  1  27  33  69  6  84  78  93  58  84  59  95  8  84  35  34  70  13  96  58  11  72  75  51  33  19  34  30  43  67  15  97  56  100  73  17  34  26  84  46  43  82  66  78  96  77  40  48  66  40  81  73  5  34  10  37  83  42  48  37  17  42  83  70  72  4  3  27  25  70  3  52  55  7  59  61  
46  52  77  63  96  45  78  18  85  55  25  26  14  89  61  19  15  94  54  61  9  54  44  9  41  82  19  66  16  42  91  27  67  96  33  29  42  39  86  82  31  18  98  94  62  94  7  68  74  50  8  91  68  96  78  4  25  31  64  50  74  31  77  49  66  35  34  69  15  77  36  54  68  28  17  70  26  65  92  2  49  40  38  25  55  97  85  86  97  64  99  31  54  73  74  20  31  10  4  36  90  45  29  8  14  1  61  51  13  99  20  6  93  75  40  88  52  68  56  15  54  13  61  65  96  32  94  35  57  67  
33  55  42  60  42  68  31  80  39  7  96  48  20  48  12  37  78  26  89  89  39  100  66  35  2  1  99  41  54  15  46  20  21  31  28  17  10  40  51  52  19  29  92  64  50  54  2  59  59  46  57  53  94  58  73  86  74  70  84  62  53  75  18  5  89  31  18  43  60  20  85  76  7  7  91  35  86  47  86  77  95  31  82  20  64  39  4  58  36  54  1  97  18  6  100  98  4  66  28  3  91  30  15  23  79  42  74  24  88  96  71  5  95  57  58  67  32  50  94  60  68  12  68  82  84  33  66  77  36  31  
63  63  36  43  99  77  61  79  91  22  52  45  5  67  24  7  17  9  99  13  48  52  50  57  61  95  14  69  99  86  23  23  74  77  50  6  96  97  90  50  88  41  63  42  19  61  61  50  89  88  1  85  54  64  7  68  94  53  60  9  74  98  1  17  73  11  12  35  55  26  95  34  84  47  53  45  22  100  6  78  96  3  43  5  41  5  22  89  54  67  45  78  54  84  27  23  79  16  100  46  9  26  53  95  81  52  81  79  29  53  22  75  39  4  10  41  11  97  71  92  74  97  21  80  95  10  84  58  5  41  
72  12  18  98  59  2  40  51  7  79  92  47  59  22  91  10  37  57  71  50  64  67  68  69  53  41  33  29  82  66  57  52  12  11  6  64  51  93  62  21  46  33  29  8  8  25  81  1  44  83  41  84  13  51  66  62  29  85  91  26  55  32  43  48  23  77  77  10  89  26  89  95  40  19  21  13  32  23  76  71  86  84  36  45  24  15  39  76  34  25  68  55  2  49  47  19  21  90  95  39  64  53  74  6  84  9  86  10  22  54  54  8  48  45  30  2  62  78  100  75  44  34  95  80  30  26  95  64  1  19  
46  69  50  72  11  87  52  34  73  3  65  52  29  73  53  7  86  20  27  81  5  85  85  40  20  12  79  7  77  16  62  14  18  50  16  27  30  95  23  46  34  19  18  50  45  100  18  60  37  55  15  33  65  88  4  70  36  9  67  1  35  51  41  17  83  91  68  90  77  90  24  38  3  8  45  29  88  48  66  57  62  69  88  100  79  78  97  32  80  54  7  45  35  45  49  38  2  3  77  23  19  10  91  39  95  15  65  76  20  29  67  4  84  33  91  30  36  76  68  5  12  6  32  5  29  33  85  30  25  37  
63  30  9  53  9  46  68  81  3  23  15  83  28  61  70  22  48  71  59  51  20  10  64  44  47  79  13  42  75  53  15  96  13  15  19  49  45  1  92  72  1  59  90  87  32  42  38  23  8  98  28  95  25  56  32  94  94  2  83  62  9  68  53  83  97  4  80  15  28  2  43  58  90  39  34  11  67  86  70  20  63  22  16  49  51  38  21  53  67  52  95  18  65  71  67  72  98  49  19  8  13  42  20  64  56  27  27  21  19  38  19  32  55  38  94  68  56  90  70  52  58  42  9  35  31  50  87  30  76  83  
68  67  49  26  51  100  63  30  50  74  99  21  43  52  6  57  80  9  75  46  83  74  11  97  23  32  21  18  23  42  84  10  80  46  4  79  91  98  96  73  45  22  48  51  52  23  87  47  63  16  79  8  60  28  81  22  57  51  87  35  31  76  95  28  61  1  42  34  48  5  36  7  53  40  30  64  14  57  94  94  55  62  37  10  84  29  88  54  62  75  47  31  88  19  7  19  94  15  100  89  38  14  77  58  46  15  10  94  38  27  26  36  75  47  50  44  89  28  82  40  6  54  65  29  69  46  22  25  2  69  
31  11  70  23  60  22  47  53  73  39  8  57  60  1  61  51  86  33  29  27  91  30  9  11  29  59  46  73  89  56  87  77  44  66  8  96  78  90  3  7  85  76  20  96  21  67  83  15  65  39  59  84  8  36  37  94  23  9  26  89  2  50  38  47  80  89  55  69  44  55  96  50  64  85  39  83  75  31  62  93  4  3  50  98  42  35  49  54  20  63  84  100  9  36  84  97  64  91  54  91  28  8  4  28  31  78  37  20  26  30  99  5  80  25  100  53  73  39  47  29  21  7  43  52  17  91  54  45  40  72  
65  49  72  13  91  73  22  10  18  71  41  2  42  65  54  42  90  1  46  40  30  18  69  84  83  51  52  70  36  87  79  30  97  7  20  63  7  6  67  42  72  15  2  1  7  10  2  49  55  15  69  16  40  99  27  24  53  39  92  78  74  26  75  6  13  10  20  66  89  96  45  57  84  42  87  60  93  56  33  29  58  62  69  48  9  18  46  47  95  52  8  19  17  65  74  56  46  94  57  90  55  40  16  52  87  69  15  17  95  86  10  71  98  98  50  53  93  48  48  21  71  70  43  2  40  58  82  69  90  74  
94  77  21  27  24  42  87  58  84  77  20  44  10  48  64  8  78  82  6  71  12  52  22  94  75  83  60  16  73  57  44  12  43  23  41  3  28  92  85  61  4  4  42  41  74  94  79  72  19  47  10  28  19  13  30  10  61  91  14  68  76  82  53  94  7  93  14  20  7  64  28  52  30  56  37  52  14  12  10  14  86  50  64  97  91  18  38  76  88  41  24  65  36  33  48  67  23  16  13  31  14  81  55  62  60  68  87  37  36  9  49  77  25  47  75  51  56  95  33  47  10  54  30  78  6  69  43  22  96  72  
42  11  6  97  37  46  82  42  57  63  45  71  6  37  37  74  63  12  11  50  60  39  47  75  63  60  63  82  74  37  19  28  14  65  24  46  6  47  62  94  10  64  79  59  76  48  48  80  88  49  97  62  7  48  50  89  40  2  99  23  8  40  57  15  54  53  92  67  24  73  82  10  74  67  91  50  72  64  35  19  66  11  24  56  5  65  57  87  62  37  47  27  35  75  70  55  3  34  89  71  53  7  67  23  44  31  41  14  41  41  13  19  78  30  61  41  38  75  88  57  96  57  57  1  49  27  30  61  21  15  
82  38  11  36  76  50  92  92  48  98  91  68  7  4  18  41  12  78  28  43  88  68  80  88  57  43  15  61  22  84  5  96  52  92  70  49  40  2  54  2  38  76  4  63  15  57  35  36  76  94  53  55  73  31  87  26  80  57  93  59  11  42  19  88  12  27  31  25  86  78  73  23  65  22  13  52  51  24  86  34  86  74  7  89  86  14  44  61  96  30  23  1  19  92  89  81  78  85  100  79  75  89  10  53  77  47  77  9  52  72  31  4  5  1  33  84  49  40  46  71  69  97  76  74  67  64  44  50  2  23  
65  52  78  4  91  2  95  23  99  65  59  6  6  85  92  8  82  33  89  90  15  83  87  22  43  33  82  47  66  32  87  64  25  70  67  54  6  82  99  32  77  100  92  94  57  18  6  26  16  5  8  72  53  31  70  69  48  74  29  99  11  14  79  95  86  10  97  1  8  64  25  36  59  90  6  42  25  18  23  25  97  83  54  92  59  47  58  54  78  58  65  80  64  26  67  86  9  32  96  70  85  99  77  8  85  52  68  76  32  39  77  6  18  41  10  31  76  11  7  35  82  39  81  4  56  83  98  66  20  5  
87  21  1  31  33  30  21  76  55  90  43  78  69  33  40  41  48  2  50  37  91  82  66  50  74  36  41  5  94  81  89  67  44  66  90  67  85  86  82  19  67  94  74  84  28  46  91  24  9  50  71  74  7  90  79  58  5  79  15  45  50  49  39  56  82  47  22  17  88  71  63  50  92  21  76  33  17  76  51  63  87  61  54  66  19  5  82  9  72  62  61  54  2  8  48  65  65  63  98  92  45  23  63  81  81  84  14  6  48  50  48  12  88  73  40  6  59  78  50  93  31  69  77  26  9  77  22  21  39  55  
37  95  26  83  66  94  54  85  56  24  44  50  11  25  97  11  25  26  94  54  93  7  62  40  57  21  92  27  96  79  33  66  41  97  47  99  33  31  69  77  33  59  94  84  6  48  54  27  34  78  9  45  76  12  45  9  55  69  86  64  32  67  29  21  69  44  90  34  96  26  40  17  61  90  15  48  29  58  68  90  16  57  28  1  77  31  65  98  41  58  77  15  17  2  49  29  60  43  21  65  52  16  11  82  53  6  75  53  88  76  71  4  80  55  53  47  64  69  78  13  55  62  7  22  75  66  17  18  90  37  
14  61  52  22  24  23  18  40  69  1  54  32  33  94  17  58  81  53  8  18  72  77  83  63  29  91  54  94  36  31  12  88  59  40  44  94  59  72  30  42  82  45  74  67  48  10  66  46  67  9  48  6  93  31  35  66  90  61  51  74  77  88  19  74  57  69  3  88  63  48  65  90  79  19  97  82  77  62  77  68  19  18  88  3  90  77  26  61  69  100  9  5  84  37  54  78  2  20  62  65  76  92  96  15  23  99  95  18  24  57  84  69  41  70  88  77  82  49  77  65  24  49  20  53  8  90  20  11  60  33  
19  89  46  2  9  19  24  65  77  48  93  96  78  17  91  86  21  57  33  2  21  60  32  88  3  64  95  32  21  13  73  33  94  86  49  55  88  44  17  22  77  25  11  52  13  27  38  51  96  51  77  12  13  82  25  72  10  66  33  11  17  42  1  82  52  75  83  52  31  10  5  41  96  81  52  33  57  78  4  16  38  90  61  80  33  66  100  93  80  49  62  33  37  81  8  87  66  11  73  12  87  2  41  41  51  4  62  55  54  9  27  29  40  3  97  80  61  17  47  48  80  65  6  83  34  1  12  81  82  53  
44  94  51  100  55  86  78  93  33  64  36  68  13  10  18  69  59  61  54  4  53  42  61  49  34  35  13  82  15  84  90  84  4  58  1  87  57  1  18  67  89  9  30  12  6  53  47  41  65  67  97  35  90  16  50  7  10  12  70  41  21  33  32  33  59  36  9  38  56  24  62  21  97  58  92  57  59  56  84  4  22  14  77  89  96  25  80  16  6  52  1  39  74  16  69  37  90  34  43  25  19  13  14  48  88  27  27  41  81  9  51  57  98  14  56  47  24  27  84  55  100  47  3  53  84  12  57  85  88  69  
40  25  52  85  74  57  11  11  51  14  56  87  65  71  6  46  66  39  44  28  10  80  84  32  8  93  95  68  47  79  97  1  20  31  92  4  71  95  2  35  16  24  23  64  5  83  16  21  31  44  5  77  39  77  71  44  22  76  21  87  79  49  21  85  71  2  97  75  10  66  83  58  14  15  13  3  98  51  9  91  19  20  80  66  96  5  77  70  85  75  60  83  28  43  39  20  86  87  41  42  71  58  79  79  58  20  40  48  58  31  62  28  20  45  72  25  92  31  71  56  37  7  90  64  26  32  45  97  48  47  
4  61  25  65  79  50  54  35  71  39  19  33  65  25  22  12  78  10  37  72  25  3  66  48  23  73  76  81  69  61  97  56  99  31  58  61  74  98  53  46  86  10  26  97  36  75  20  31  59  51  63  28  18  74  88  99  23  50  74  61  68  42  52  50  16  45  23  10  1  27  41  2  7  39  3  93  22  63  54  73  4  49  97  12  43  13  41  32  27  97  65  87  52  86  2  90  23  1  95  37  13  63  37  36  59  47  4  47  81  28  44  37  92  92  10  44  88  37  80  21  76  26  73  84  29  51  97  61  32  75  
14  51  50  55  5  50  46  53  55  36  10  55  68  37  87  65  5  84  36  94  33  29  71  99  5  68  24  63  60  7  7  49  77  96  8  27  26  64  49  94  10  33  70  30  39  41  32  47  66  58  56  3  47  94  71  64  19  85  83  5  98  88  11  97  24  22  53  59  77  98  40  77  30  71  4  73  26  17  79  32  77  92  66  98  71  16  5  68  39  6  12  21  10  48  26  100  69  62  93  100  49  13  41  60  68  78  87  12  64  67  78  38  6  80  33  78  64  68  10  7  41  99  47  42  39  67  61  55  10  12  
89  58  86  92  79  28  61  53  87  32  54  17  3  22  76  22  96  39  97  80  46  17  39  38  98  30  81  43  20  74  45  20  48  31  37  67  12  67  91  39  76  35  84  48  50  63  15  45  55  20  48  6  85  83  95  44  4  15  88  56  31  9  36  72  19  85  41  99  20  17  1  40  90  100  96  58  99  64  45  66  1  61  5  48  61  15  64  73  61  88  52  16  22  94  78  57  8  84  29  54  36  52  91  7  28  90  97  69  64  70  93  59  59  38  68  76  34  78  48  60  52  97  5  17  31  23  71  34  27  17  
65  6  20  43  25  32  48  52  8  75  44  16  93  53  45  60  56  34  81  87  56  68  36  3  63  99  83  29  17  90  100  64  6  83  45  26  54  58  82  3  9  25  18  36  19  35  28  17  20  27  68  48  12  33  44  93  63  30  90  95  32  41  61  16  46  88  100  41  70  69  94  35  76  24  88  11  45  75  71  55  29  7  87  77  15  49  68  64  92  60  43  17  55  52  88  70  59  59  28  58  20  78  59  16  90  21  27  22  73  67  72  68  29  72  83  73  72  39  31  19  53  16  90  90  60  90  81  36  25  38  
15  66  81  44  7  68  53  71  28  79  29  71  67  1  17  87  92  4  38  20  98  15  96  54  64  77  48  46  13  90  32  50  90  74  3  99  27  33  62  21  97  63  31  81  57  31  34  9  16  23  63  50  94  10  87  39  50  96  41  8  58  55  64  43  84  89  95  35  17  63  40  49  24  17  30  74  67  47  23  33  65  88  75  98  96  34  21  38  100  74  79  41  94  14  51  13  5  53  90  36  40  59  39  58  23  81  98  7  98  48  31  91  90  30  19  22  61  53  7  44  93  31  5  7  70  7  57  2  78  1  
28  37  5  72  7  70  9  5  57  24  35  72  36  63  3  52  6  80  50  20  2  50  6  28  16  33  37  85  43  29  100  80  73  75  71  39  70  13  11  68  96  84  36  52  51  85  16  66  19  48  33  88  12  18  1  32  99  38  48  22  92  62  41  45  18  92  26  90  70  90  64  43  62  10  21  31  68  27  61  44  89  73  78  57  36  15  49  73  36  97  71  50  77  95  54  79  7  29  5  52  91  14  71  66  86  79  16  28  26  74  51  77  87  33  56  61  12  49  56  49  90  51  45  33  88  15  94  79  7  38  
49  14  57  23  54  67  8  92  27  65  49  53  25  84  54  66  60  27  79  87  61  91  56  38  73  72  22  92  88  56  64  88  81  5  40  90  36  87  10  99  88  4  96  94  15  71  8  30  62  68  19  60  85  79  100  84  76  81  3  17  7  1  36  22  20  68  40  62  68  64  42  18  84  4  18  83  1  92  51  19  6  67  85  4  92  79  29  42  21  37  12  90  5  94  84  32  60  39  3  67  23  56  72  18  98  27  33  51  76  44  76  57  1  72  28  27  88  83  11  15  79  33  2  52  31  20  58  41  70  4  
62  88  79  34  79  80  84  92  14  63  85  63  56  83  78  22  72  8  24  68  31  16  13  71  21  2  51  69  74  71  71  49  23  27  42  43  62  47  49  68  75  75  97  72  26  79  23  61  45  16  65  40  15  2  86  57  97  15  44  30  89  11  43  82  36  8  70  62  77  12  46  64  28  89  63  27  34  31  88  16  24  3  40  37  10  12  34  78  20  88  56  99  74  89  41  74  39  15  30  40  28  55  12  92  6  25  14  70  97  48  15  10  69  50  46  19  7  7  24  47  22  72  23  2  24  98  29  55  92  4  
92  72  32  7  10  22  95  78  99  14  19  73  38  33  56  35  26  66  85  59  28  39  65  63  4  60  99  26  30  1  84  25  43  35  84  35  55  97  16  63  19  32  27  92  73  91  45  51  93  23  22  65  66  90  60  27  13  53  75  29  67  80  56  97  2  8  28  16  11  58  40  69  94  13  87  1  97  66  86  46  98  20  76  82  87  29  60  2  84  65  12  20  94  24  84  10  87  34  63  23  75  23  64  30  97  89  35  99  52  57  35  40  49  6  34  76  45  93  93  66  28  68  9  44  58  16  21  15  59  100  
28  64  31  9  89  32  72  100  25  74  30  29  79  22  43  14  47  24  31  94  69  11  13  83  97  98  76  54  9  18  94  47  44  65  29  15  30  63  7  1  100  57  100  62  62  37  41  65  95  75  55  47  38  29  4  47  10  79  75  13  60  48  58  10  32  68  56  59  59  84  38  30  6  32  73  67  17  45  81  76  56  88  47  7  75  52  53  75  95  72  72  10  90  32  26  100  24  75  67  2  26  46  83  58  72  46  82  58  54  77  85  27  71  24  64  86  65  16  66  38  2  20  63  84  48  22  98  41  84  49  
10  72  75  15  15  51  99  57  58  27  86  32  26  59  25  32  94  82  24  23  49  5  36  69  15  95  75  82  62  84  25  12  81  79  33  42  24  66  14  50  94  25  2  56  57  52  1  71  12  4  14  60  66  38  78  72  86  27  38  82  32  14  37  88  6  42  18  58  29  82  50  76  66  78  3  57  98  45  40  93  16  46  15  13  78  94  67  57  14  7  37  65  24  2  69  89  6  66  91  31  30  27  69  6  94  97  97  37  75  91  24  100  77  18  31  74  23  88  62  54  97  70  5  59  15  24  9  90  12  27  
53  51  41  11  70  2  77  14  73  90  32  91  46  56  51  32  74  68  1  36  30  37  23  96  37  15  97  100  18  22  3  8  80  54  63  46  99  19  39  89  67  7  6  83  44  41  40  87  34  47  12  71  17  1  93  69  24  17  57  77  56  20  50  43  84  93  62  10  59  17  4  40  55  30  21  51  69  11  9  30  40  36  55  15  98  36  41  98  23  71  78  41  21  1  36  6  60  49  58  88  34  49  48  26  52  64  17  1  96  67  26  19  5  43  42  90  3  9  94  84  35  20  70  25  91  74  35  90  96  95  
53  8  21  55  48  79  44  15  30  50  19  80  75  69  84  42  50  17  78  26  84  14  81  83  95  31  67  5  81  29  34  71  35  91  72  91  39  73  64  88  24  35  87  28  93  57  100  90  75  46  68  96  48  18  48  11  60  73  90  36  56  24  6  25  88  58  14  70  6  70  79  57  70  100  40  22  99  89  51  5  54  98  18  66  18  16  42  43  77  85  93  6  35  85  46  58  35  53  82  35  96  14  26  95  4  95  63  38  39  11  14  20  99  65  21  79  29  17  78  42  77  77  46  46  58  31  29  62  58  27  
51  53  97  79  24  33  46  83  60  27  50  45  54  83  85  43  48  54  13  61  10  10  53  41  25  24  98  29  22  34  55  95  18  4  22  16  57  88  16  91  37  65  22  30  36  15  32  42  84  39  47  61  15  62  13  19  19  99  47  29  85  47  74  13  32  39  47  48  61  63  46  68  35  50  70  75  23  36  78  8  58  11  36  40  90  47  15  22  7  49  27  81  48  16  84  76  12  13  89  99  57  54  9  99  85  99  30  45  98  76  37  71  79  100  3  94  38  81  53  2  45  68  61  90  78  62  43  15  86  92  
81  1  41  89  53  53  64  16  34  51  16  63  98  10  22  80  63  95  69  75  43  52  96  99  53  99  66  43  56  29  55  47  61  43  79  87  68  45  40  37  82  76  11  17  44  90  51  67  83  24  80  25  32  92  63  97  23  15  27  52  45  26  10  8  9  33  20  4  81  95  89  91  70  11  20  57  44  6  54  6  43  63  95  60  27  66  43  65  33  39  49  49  87  87  28  17  93  32  68  10  53  77  71  51  48  41  100  70  94  68  31  11  34  14  99  97  27  25  83  53  32  13  26  65  57  66  49  64  3  92  
38  70  100  67  13  88  97  65  92  9  55  31  15  99  2  36  94  55  40  41  25  51  35  84  30  13  32  31  86  88  91  97  53  8  45  47  10  13  93  61  98  70  7  55  11  12  85  82  71  34  81  22  6  31  15  66  45  67  40  96  35  61  20  84  23  15  38  17  3  41  30  75  20  23  75  20  54  91  61  100  60  3  22  77  72  29  30  3  78  90  12  33  40  21  4  1  70  61  45  32  71  19  11  68  88  26  5  54  68  25  64  43  8  40  15  39  27  82  11  23  60  49  4  12  79  30  35  73  39  81  
31  38  94  16  35  88  43  76  52  59  14  14  53  46  48  8  67  94  85  89  65  92  68  56  9  48  24  51  38  69  10  7  62  53  12  25  59  43  37  34  10  40  47  17  71  74  49  62  93  45  52  44  46  53  2  86  7  4  84  23  81  54  43  7  98  9  43  74  40  28  36  48  38  94  62  80  74  70  96  91  83  29  87  83  37  35  100  20  78  61  91  44  59  97  31  87  12  71  64  56  29  13  63  30  58  40  51  53  14  23  12  45  29  15  38  40  36  46  9  9  33  86  98  8  30  8  50  20  42  37  
86  92  82  90  82  74  94  39  87  27  50  55  82  20  86  75  86  10  7  75  28  88  43  96  78  58  63  50  73  92  90  5  35  97  83  1  10  89  4  91  56  77  19  42  60  53  14  14  8  44  39  6  42  16  60  14  49  42  24  87  87  29  55  67  29  70  31  89  54  22  54  12  27  92  93  8  8  55  75  10  69  86  87  29  56  8  16  23  20  44  40  100  77  55  77  84  23  63  47  69  90  47  47  64  33  36  7  78  5  30  30  98  27  89  2  20  8  88  73  6  19  74  97  44  90  7  91  85  40  55  
68  50  44  66  55  23  69  20  85  29  42  38  59  55  49  87  48  50  83  80  13  60  66  55  86  59  100  37  4  87  67  50  39  73  77  33  19  25  57  97  99  20  38  15  24  91  75  33  32  22  74  20  57  51  43  55  20  67  88  24  31  79  25  57  95  85  3  83  72  56  24  91  94  46  86  82  65  97  87  32  14  95  85  67  17  89  18  75  54  12  58  92  72  55  72  46  73  14  74  23  56  92  54  66  67  62  54  16  15  30  82  32  98  17  21  77  99  75  60  60  23  32  4  82  82  89  49  56  72  87  
64  68  69  70  49  84  19  21  42  20  14  2  92  84  29  35  16  85  20  7  23  87  70  35  64  94  7  96  14  66  81  3  32  57  11  20  31  50  28  98  98  76  68  97  70  36  14  62  95  16  7  14  89  96  66  71  60  98  75  68  100  35  77  26  82  47  96  53  100  53  8  96  11  4  64  72  33  90  49  1  87  5  12  98  61  78  40  94  20  1  93  43  68  8  95  56  53  70  77  96  56  79  23  23  24  96  40  33  27  8  19  85  61  95  76  73  35  8  61  14  77  49  39  57  77  26  58  73  10  83  
62  84  7  6  15  20  62  45  91  72  75  23  65  37  43  63  30  19  19  66  29  88  2  45  67  13  73  15  85  93  4  15  3  9  47  57  34  82  77  52  76  62  53  42  82  69  77  92  48  8  2  6  27  73  11  84  5  87  3  55  24  83  40  63  4  55  10  68  69  47  92  37  36  18  40  92  30  8  17  57  73  87  95  95  60  53  2  25  6  56  2  30  48  43  2  59  42  60  99  57  53  93  79  27  14  74  31  67  50  45  33  74  80  61  26  10  10  92  59  58  87  65  96  77  4  1  30  46  35  73  
21  2  20  90  68  17  32  7  76  80  28  71  65  84  39  27  56  60  12  36  73  88  56  25  99  93  2  11  1  51  70  13  39  37  70  32  16  37  32  37  81  15  63  54  50  10  44  59  20  79  45  32  30  64  96  18  99  16  2  60  63  64  8  76  50  97  10  45  48  92  30  100  94  100  15  7  67  14  5  69  43  63  100  39  92  82  4  29  33  71  54  70  31  97  81  38  31  30  74  32  4  26  68  41  60  67  87  20  24  95  50  50  78  59  15  38  84  54  67  52  23  97  71  27  5  49  43  76  65  9  
18  30  96  93  65  92  36  75  99  48  85  60  40  18  33  47  59  75  70  71  72  66  23  12  4  95  43  51  9  19  89  87  88  55  46  86  84  4  6  14  66  47  43  47  46  47  18  75  91  18  57  76  100  26  35  4  74  60  11  26  37  39  97  2  47  38  10  41  22  22  58  100  96  1  83  89  37  60  91  42  93  41  45  52  25  96  43  92  2  63  100  76  81  3  76  15  40  56  79  1  92  43  18  98  45  7  83  41  17  63  55  57  69  57  20  100  93  53  64  29  18  23  88  11  50  13  41  87  98  2  
96  14  69  33  16  24  47  34  16  29  38  76  91  69  60  33  58  66  44  95  30  27  33  54  93  21  82  26  39  43  16  94  61  20  27  41  32  44  87  33  10  65  28  7  70  16  53  13  45  28  23  9  26  67  7  34  26  9  39  68  71  90  94  53  51  42  4  20  21  91  6  74  83  65  42  73  88  15  14  41  72  68  18  87  45  81  39  93  70  40  1  48  64  36  45  74  99  2  64  27  75  6  23  57  57  31  25  35  10  78  99  57  17  14  7  10  71  11  13  33  16  33  83  36  63  53  10  73  8  78  
47  33  62  66  35  52  13  47  94  9  70  33  100  70  25  55  86  1  51  74  26  66  69  46  68  1  59  45  84  12  93  84  28  69  31  58  60  13  10  91  48  40  30  33  15  29  17  90  46  42  4  60  45  51  10  10  27  88  99  72  91  66  33  56  19  23  77  88  76  81  25  49  93  15  45  48  14  21  28  30  69  28  46  79  77  14  16  96  14  16  40  82  66  2  59  12  47  61  71  79  36  88  18  7  70  48  41  27  23  48  30  50  91  59  4  100  55  50  30  99  56  86  79  78  49  39  79  19  76  63  
56  55  45  92  60  44  69  29  93  72  79  48  47  78  94  6  44  29  8  61  67  6  74  99  83  70  84  25  89  76  47  48  1  70  40  74  47  80  44  66  88  80  78  80  15  56  84  49  24  34  26  96  98  83  98  36  86  21  98  17  79  18  61  78  96  37  51  88  97  13  67  36  66  22  93  87  53  7  91  3  7  35  2  8  35  54  100  75  53  83  78  39  58  36  27  18  18  14  81  49  23  79  59  61  70  51  100  55  64  67  63  84  14  40  28  21  17  61  70  43  24  85  29  80  24  69  87  7  6  87  
46  47  46  87  82  68  29  94  99  92  15  100  90  6  71  8  99  24  73  17  17  32  32  64  86  12  89  100  15  74  91  66  46  70  2  72  24  88  85  18  9  73  60  30  89  12  9  65  14  38  76  64  70  56  45  39  38  17  21  6  23  77  14  77  65  80  51  1  24  76  9  36  61  92  61  37  26  87  87  2  58  53  48  34  86  83  34  53  76  31  72  58  82  8  75  16  12  62  61  93  19  74  13  42  2  7  75  78  52  90  20  12  8  99  97  59  72  36  54  5  38  7  34  18  58  3  31  1  78  89  
84  95  27  44  86  4  8  64  79  85  17  57  3  95  80  55  53  33  90  19  67  41  71  90  22  94  62  93  42  81  87  100  10  95  60  96  100  66  75  33  17  6  35  9  32  34  97  58  96  47  60  7  87  79  31  7  9  8  42  63  62  85  20  74  80  80  91  30  58  22  100  75  2  100  37  44  76  27  37  83  20  20  92  49  85  72  94  96  51  41  87  77  47  58  75  9  47  24  33  52  3  77  5  1  17  7  49  42  35  79  10  72  78  6  77  33  37  73  58  36  74  92  52  1  11  35  61  51  100  97  
62  64  23  94  13  89  10  55  30  68  44  84  77  99  98  13  48  79  98  60  20  45  44  64  93  96  57  56  44  8  95  58  51  87  96  58  66  60  59  49  67  6  14  72  5  31  41  97  10  88  86  47  68  51  6  4  39  65  39  74  90  63  41  68  87  85  30  76  61  96  4  88  38  23  78  81  62  28  10  50  98  7  75  90  37  27  77  97  80  12  100  72  28  25  62  43  99  25  80  94  83  49  30  1  50  15  85  46  59  48  99  57  33  97  31  32  73  73  11  19  90  35  16  85  46  81  58  52  100  47  
38  38  8  71  89  63  92  41  76  56  74  27  84  69  59  39  66  57  85  56  28  92  78  9  22  18  86  48  86  79  78  44  10  62  30  53  71  1  4  26  92  5  57  64  76  77  21  31  68  1  64  55  48  3  29  69  5  15  19  52  51  9  44  84  21  49  89  33  33  82  60  95  60  57  56  41  58  92  17  76  6  42  97  79  69  7  60  90  82  13  57  22  58  28  40  25  68  20  67  29  35  35  49  46  30  92  37  36  70  69  75  17  14  69  36  11  10  56  28  11  91  78  47  17  88  21  83  78  37  58  
56  99  16  31  89  96  50  44  48  34  73  70  47  96  61  47  89  57  91  49  3  12  35  68  49  20  48  6  75  36  76  44  94  64  92  3  15  1  21  43  21  52  45  73  82  45  4  83  98  35  69  92  4  46  22  4  48  72  15  29  43  76  97  80  85  78  6  99  87  5  24  25  33  68  95  48  69  92  13  71  16  58  80  30  66  76  68  22  5  63  85  5  13  93  84  44  17  70  27  78  2  72  95  83  19  77  6  87  60  3  4  56  30  34  70  72  2  46  69  70  2  64  29  6  57  15  85  41  35  60  
28  22  65  33  34  64  93  18  80  1  42  72  80  88  13  16  90  27  81  64  80  98  90  76  52  29  65  14  24  81  71  91  37  42  58  35  75  22  15  80  93  14  74  21  55  79  15  48  1  32  3  8  52  99  52  82  30  51  1  46  68  14  82  54  84  97  9  14  41  84  11  8  77  48  93  39  55  87  21  40  65  100  30  27  65  65  64  92  83  5  57  50  91  57  54  43  78  44  43  92  68  81  84  98  18  12  98  78  77  14  67  97  98  1  52  53  95  43  96  67  72  97  5  23  38  9  26  59  75  20  
84  30  44  95  57  33  47  91  36  79  35  36  12  73  18  67  2  36  13  9  7  30  17  54  18  9  33  55  43  39  68  49  16  72  75  84  83  27  29  32  66  69  22  1  4  92  23  89  74  89  56  6  62  79  87  55  53  31  35  25  32  9  32  9  86  58  64  65  7  52  55  27  82  94  68  22  18  55  13  43  20  76  13  67  14  83  53  9  55  32  55  62  47  84  2  50  10  19  14  44  67  88  77  29  72  58  80  92  9  3  6  34  49  100  47  32  41  90  57  51  14  30  81  98  60  8  12  68  60  80  
50  57  58  86  53  5  98  25  11  13  80  73  58  9  69  100  64  62  3  11  100  95  85  6  11  79  94  32  76  5  41  36  54  87  27  49  31  59  14  32  59  34  48  25  98  19  16  26  53  15  49  53  84  58  2  76  35  63  81  43  92  69  88  88  31  93  37  56  4  35  84  75  74  100  77  92  86  44  95  18  68  4  79  65  36  96  57  2  61  81  23  25  4  35  20  12  8  15  3  53  50  67  25  19  36  80  24  76  70  24  9  6  83  59  70  32  48  97  73  25  96  88  30  82  88  50  77  49  20  44  
80  58  100  80  53  97  58  27  73  25  30  10  98  12  83  32  72  10  16  2  61  78  80  13  35  24  34  40  57  93  13  20  55  86  97  19  68  99  6  14  87  86  22  73  38  31  50  79  54  83  58  5  8  30  59  41  23  78  16  34  58  42  47  94  26  44  19  91  64  97  54  7  48  83  20  99  70  5  47  96  12  12  2  9  44  84  12  36  67  19  96  91  54  62  88  86  91  25  33  16  59  74  91  5  34  4  49  52  75  13  54  79  22  30  86  81  36  81  3  24  72  18  84  95  71  7  46  26  92  59  
52  8  84  37  3  79  5  48  96  99  38  17  97  91  33  13  61  83  11  27  3  3  46  42  7  81  16  88  34  46  61  97  9  28  52  65  61  85  79  18  48  6  57  97  48  50  38  56  50  48  1  60  81  69  95  75  19  34  54  27  34  24  10  32  28  34  74  6  83  69  21  97  79  33  60  66  22  62  72  3  69  6  44  7  72  89  26  58  8  34  60  45  70  27  84  79  52  10  51  55  89  1  78  28  83  33  66  98  86  51  95  40  45  67  84  1  13  65  30  87  26  83  52  45  67  48  74  12  72  93  
25  69  11  93  35  23  6  38  3  20  67  77  63  70  67  2  3  30  38  24  40  6  24  81  81  92  49  29  7  44  4  59  12  43  87  15  59  35  46  24  13  37  30  70  47  81  22  30  85  41  69  45  47  76  6  58  4  18  88  77  90  40  14  92  13  92  11  87  79  69  95  86  36  13  80  72  29  77  6  21  90  17  43  94  6  44  17  2  20  15  75  60  30  39  67  59  82  70  62  76  26  30  79  27  22  63  63  78  90  83  56  99  59  83  64  29  63  88  75  81  81  24  26  45  19  51  88  36  29  63  
21  99  92  86  86  77  97  38  24  36  98  58  50  72  35  97  91  60  10  73  42  33  45  36  5  60  26  62  5  85  85  12  81  34  89  53  8  43  16  40  84  15  38  68  96  52  34  91  49  72  93  61  16  90  95  48  39  18  74  27  85  50  84  34  44  85  1  38  14  86  50  83  70  75  86  71  91  34  13  34  19  6  2  60  59  60  17  25  52  64  15  86  84  19  27  46  89  8  25  49  45  95  80  62  24  3  59  49  98  55  77  80  35  1  62  65  64  24  69  69  41  59  64  4  35  63  7  39  67  65  
6  51  44  79  49  64  51  27  47  13  58  72  51  98  20  28  39  43  24  88  20  44  61  8  81  25  82  24  87  75  65  68  86  18  77  25  72  19  77  3  64  96  78  96  7  54  39  53  44  64  50  13  70  61  55  54  2  12  48  36  62  25  63  51  62  71  94  58  61  83  63  44  1  88  46  96  65  87  93  5  34  46  19  42  43  61  56  84  11  18  13  73  95  39  66  21  51  37  51  55  81  14  33  12  70  68  27  18  26  16  26  4  30  5  88  7  100  15  89  58  45  18  52  100  49  93  46  43  11  32  
55  72  95  49  28  52  78  52  46  19  82  94  5  35  84  89  58  44  52  73  29  10  75  76  47  41  35  99  89  70  71  55  37  73  17  51  22  53  74  96  25  64  48  52  9  67  34  76  80  46  74  87  76  7  12  34  86  70  40  17  66  15  18  39  37  57  29  99  71  11  35  92  42  30  53  6  34  44  15  99  87  3  60  44  54  10  86  85  58  65  36  53  94  64  13  90  1  95  14  73  82  33  39  39  62  67  68  22  86  67  85  1  40  39  11  34  43  22  80  81  69  63  84  33  94  49  98  46  54  60  
64  57  59  12  43  48  46  83  7  26  83  60  97  12  47  95  79  31  75  17  62  44  6  31  68  49  44  68  96  91  64  64  37  42  16  15  88  14  59  26  47  86  23  57  89  1  61  72  65  79  39  10  52  71  57  29  45  50  17  65  36  12  90  58  36  54  18  54  45  67  37  38  96  95  9  3  77  53  95  40  10  2  6  50  37  49  76  96  54  2  89  57  4  7  20  54  80  78  19  54  79  63  62  72  23  16  6  67  52  2  60  56  24  84  49  99  98  63  20  1  7  85  6  29  14  83  16  27  73  13  
90  72  34  43  53  53  76  88  97  35  60  28  15  3  74  78  80  14  20  16  37  66  31  56  99  86  32  37  75  5  7  69  64  88  22  16  62  77  89  66  27  69  65  56  59  74  82  63  45  67  62  17  15  19  31  36  5  44  36  22  58  21  85  39  38  40  21  31  80  6  66  15  90  9  100  33  50  58  74  59  98  28  97  52  57  21  54  27  76  23  63  97  65  53  75  87  81  80  22  80  60  67  54  46  66  52  92  8  45  48  38  13  14  72  12  27  24  59  60  86  66  49  77  24  33  93  48  1  78  46  
21  40  91  33  12  58  82  19  28  32  70  9  28  97  77  77  50  21  61  78  22  21  89  100  43  78  60  59  74  38  80  100  24  89  82  64  17  88  5  72  99  27  2  19  85  2  74  83  67  94  42  22  7  34  98  62  45  53  54  83  46  51  59  42  79  62  8  34  86  70  14  11  52  6  51  30  26  78  93  67  53  34  74  54  66  10  73  21  27  18  38  89  34  47  70  74  44  8  64  26  32  9  15  13  41  38  53  69  100  91  44  48  13  67  83  90  76  27  18  45  97  62  2  78  17  45  89  55  14  90  
46  58  37  40  83  83  65  5  24  73  69  15  2  47  36  12  90  19  9  23  33  27  40  13  54  27  21  83  6  22  24  87  16  14  96  36  87  8  31  79  93  26  23  20  85  48  41  38  88  79  55  76  74  42  2  8  29  6  5  63  71  24  6  97  36  98  12  60  92  43  45  26  83  71  35  53  91  7  51  61  55  57  61  90  51  70  43  15  8  95  67  49  33  10  7  3  89  68  6  59  58  57  96  94  15  40  10  5  16  35  53  49  81  2  11  49  58  19  86  92  43  57  35  74  62  11  94  98  40  69  
99  67  69  3  83  1  16  17  19  16  57  46  83  87  3  42  49  59  55  62  81  22  10  10  89  71  98  51  91  58  65  29  85  33  26  43  62  60  54  84  20  42  60  92  27  70  27  30  66  33  78  52  68  50  25  99  46  44  51  38  13  95  85  56  77  27  92  48  64  68  6  17  100  71  48  95  12  99  69  68  40  52  33  63  59  17  36  98  8  51  25  12  89  76  51  84  37  63  18  41  9  20  52  68  53  39  90  8  16  4  35  57  21  65  83  62  79  19  57  7  58  9  40  87  91  21  6  83  85  36  
30  19  43  65  89  16  35  80  91  16  88  31  22  12  55  26  36  26  7  90  20  56  36  62  100  75  73  87  13  70  44  87  34  95  83  81  55  56  32  39  66  25  56  1  59  53  11  28  51  84  43  2  22  58  76  34  28  86  92  5  6  52  33  49  74  98  19  39  6  5  7  28  4  13  57  76  59  79  84  55  69  92  31  70  88  47  79  64  14  6  34  2  59  5  59  41  50  26  77  84  41  56  16  83  2  61  84  81  39  98  29  24  58  3  87  71  10  37  71  50  57  81  21  60  62  85  67  8  18  34  
98  58  94  96  12  78  40  11  98  27  41  76  73  21  20  41  24  38  8  67  22  97  75  56  8  26  66  62  29  93  54  68  52  70  19  73  82  95  39  60  32  24  60  76  19  33  36  32  61  28  49  94  91  35  65  44  17  62  59  55  89  9  64  46  5  16  28  63  80  85  27  47  97  99  31  29  78  53  20  9  54  33  56  26  24  72  99  12  83  88  90  88  37  62  82  99  2  76  58  65  66  38  18  83  86  42  98  89  6  51  7  98  48  8  36  99  8  34  48  66  84  38  68  76  1  75  41  66  95  31  
12  10  54  90  76  7  96  68  90  29  3  94  61  80  45  67  76  72  100  69  15  71  41  3  67  63  11  83  87  86  7  17  13  30  60  30  13  14  88  53  49  63  42  20  65  51  95  6  37  1  80  65  44  85  78  75  80  12  84  17  80  15  78  41  47  96  15  44  9  71  51  13  20  94  85  17  41  90  93  33  82  20  86  37  79  8  71  58  82  10  35  3  39  12  33  25  36  17  8  63  86  15  35  61  68  88  1  80  24  14  17  87  38  29  54  99  47  62  39  69  57  74  30  99  86  97  99  86  63  61  
24  1  100  41  12  41  39  50  61  42  64  87  20  17  52  34  19  72  15  5  57  98  50  97  9  6  63  88  19  27  100  73  21  15  17  22  1  65  74  16  84  78  57  3  47  40  94  75  35  92  43  31  53  34  10  93  57  30  24  2  43  40  34  88  96  32  54  67  58  48  26  98  63  82  85  48  20  8  30  19  64  57  99  87  37  94  65  6  67  29  4  16  71  3  10  20  46  27  60  74  77  9  82  92  69  5  76  75  53  93  38  79  56  4  6  3  94  16  21  42  79  42  39  3  25  1  43  60  74  24  
72  9  55  54  98  84  100  6  28  61  89  5  63  92  85  53  75  62  98  94  76  17  45  12  55  28  86  63  79  97  48  19  63  8  47  100  57  53  67  92  86  79  16  39  37  6  63  55  90  44  51  97  86  41  63  60  70  21  18  5  92  56  96  93  3  23  28  96  94  13  39  55  6  62  41  7  95  19  17  70  89  16  17  61  22  22  74  99  46  66  66  32  34  9  80  32  26  69  96  88  74  11  32  49  91  50  95  60  91  37  75  73  6  47  80  82  66  49  23  1  37  45  86  35  85  18  36  65  24  25  
14  51  88  63  96  38  81  76  99  1  100  64  87  39  56  17  47  58  45  36  90  87  57  95  65  30  80  68  72  69  19  83  75  23  79  67  50  51  63  5  62  67  91  50  9  77  77  46  17  58  47  94  26  11  3  69  93  3  56  100  92  82  96  9  99  63  25  85  58  38  64  50  21  95  76  50  31  93  55  33  58  67  25  38  88  72  61  34  97  92  86  63  62  26  11  21  80  70  43  65  82  89  92  24  48  96  77  36  39  7  79  76  6  59  23  54  84  51  9  23  80  43  91  18  34  92  79  43  67  52  
1  30  63  6  30  5  65  84  32  44  32  100  72  23  17  64  59  63  93  70  4  25  82  75  59  91  63  30  92  61  84  100  11  86  40  25  40  91  50  77  54  7  26  9  95  49  60  32  86  84  90  97  82  74  34  100  22  100  12  73  100  23  98  81  17  17  34  67  87  40  73  89  32  4  74  29  100  74  32  63  6  52  9  61  54  63  24  87  76  29  4  38  32  63  32  52  38  2  72  36  46  8  53  98  30  64  6  45  10  95  87  34  6  88  72  89  35  83  82  88  17  41  3  29  71  6  7  22  59  4  
90  51  73  84  32  88  21  39  81  98  25  26  58  89  20  63  77  12  34  27  93  47  53  18  73  5  91  14  95  74  93  62  86  38  15  13  55  95  62  1  59  18  16  85  35  72  90  34  17  79  73  38  96  75  98  65  98  99  84  95  2  81  54  5  62  44  13  94  9  78  35  24  3  27  85  88  64  67  89  3  82  45  38  31  78  54  11  50  58  39  67  37  3  57  2  86  56  1  70  73  8  61  79  57  64  4  83  99  13  88  88  93  13  73  50  48  55  64  37  49  40  7  46  75  55  35  92  27  76  16  
8  32  85  29  84  36  26  17  98  17  94  76  63  16  98  23  66  84  31  34  65  67  16  38  86  96  30  44  11  79  96  96  90  36  27  20  75  49  66  58  74  5  89  53  2  43  28  33  62  70  66  78  8  69  44  99  73  32  47  2  91  54  79  10  29  49  8  88  82  11  93  65  62  34  36  79  39  56  52  31  34  38  3  80  79  56  12  50  21  2  27  1  5  94  43  38  14  15  61  63  72  17  87  56  67  61  25  82  88  46  56  36  57  95  84  93  13  31  32  53  86  62  9  33  95  85  56  28  22  46  
78  54  50  66  62  29  51  71  51  59  56  68  40  52  30  34  5  51  35  97  60  77  16  33  76  47  81  6  57  92  56  77  20  96  62  84  40  100  8  73  87  41  88  53  2  41  23  32  96  13  59  77  87  25  35  72  2  90  45  90  31  6  10  89  7  81  71  79  99  35  68  86  85  13  40  74  80  1  41  83  92  56  73  68  42  14  16  12  91  35  75  44  97  87  23  72  24  84  30  22  57  63  14  20  27  100  77  56  9  20  51  84  7  29  9  11  40  1  21  5  33  66  92  33  69  74  36  77  31  93  
61  73  19  99  29  94  71  51  34  98  83  26  97  52  69  84  60  46  38  54  96  52  62  6  58  63  48  37  50  90  36  80  3  45  21  8  4  17  75  49  72  97  50  61  89  37  9  50  7  99  3  39  92  67  52  12  45  100  73  37  72  3  78  66  85  5  39  68  12  34  9  73  52  1  34  7  27  34  1  52  57  65  46  10  3  69  96  4  29  82  31  8  13  5  65  1  96  61  97  53  86  79  33  13  22  44  92  20  34  69  40  74  30  1  30  65  37  99  99  96  33  14  42  46  9  54  41  53  97  5  
93  100  11  66  55  21  52  53  37  75  40  78  91  43  95  79  51  29  71  54  77  5  88  99  20  5  53  76  90  88  86  38  33  11  86  79  90  14  46  41  86  99  80  97  10  66  30  11  6  87  62  78  81  3  94  97  95  76  95  39  12  37  96  21  58  18  45  50  83  56  7  77  83  78  1  13  59  42  94  31  49  47  60  24  18  7  86  61  42  87  30  29  52  60  16  36  85  27  77  4  32  48  28  31  18  75  70  31  14  9  33  56  5  1  18  58  14  76  9  35  42  9  85  53  77  93  95  84  74  75  
62  47  19  93  39  52  20  3  99  55  42  66  52  87  57  94  89  20  37  72  43  2  75  19  81  2  13  98  78  14  34  85  62  58  98  95  60  56  31  88  78  66  55  36  73  95  70  59  77  42  58  92  32  46  39  75  62  34  15  18  54  22  85  99  1  19  59  7  62  62  78  40  87  62  50  5  45  63  74  38  26  81  18  86  38  47  24  56  31  78  9  30  85  38  43  22  84  71  93  22  81  61  13  1  25  63  15  9  9  92  43  28  100  91  59  13  36  6  63  19  59  65  75  7  12  80  64  30  93  46  
100  30  96  39  100  40  69  64  24  81  27  28  89  1  3  3  86  37  58  12  48  80  16  83  19  60  59  22  64  14  54  56  39  29  59  29  49  22  79  6  60  50  95  24  13  44  1  26  65  34  35  45  49  92  2  66  54  90  2  16  41  34  17  33  81  20  7  71  3  20  68  20  7  7  87  12  95  41  42  59  26  55  37  5  28  51  58  69  83  67  92  85  5  39  21  48  92  82  82  34  50  92  26  73  62  44  96  78  88  42  84  52  72  91  29  50  98  9  52  41  85  95  27  25  30  72  60  2  11  47  
38  4  29  5  69  62  60  8  47  26  88  51  40  65  13  70  58  36  89  46  37  37  2  34  17  6  33  23  52  35  31  16  26  17  12  1  59  91  90  92  57  41  23  22  60  83  37  4  73  97  81  64  32  93  61  12  31  1  31  67  24  30  62  34  31  99  98  20  9  71  2  35  56  58  67  61  42  16  44  50  5  79  29  66  54  9  22  15  93  38  47  37  91  3  38  54  10  44  45  5  86  75  45  72  53  33  1  45  98  26  54  23  9  79  85  55  82  14  19  69  99  1  92  31  90  66  32  48  2  11  
2  4  95  33  40  45  73  1  40  26  28  17  23  34  40  77  53  62  92  19  64  10  23  11  96  15  77  15  36  62  50  16  41  100  14  77  57  23  24  56  67  98  33  16  66  30  62  2  7  100  68  16  29  94  55  3  36  5  62  10  54  23  94  73  38  94  38  49  25  91  16  8  64  41  94  21  69  30  88  28  59  16  22  36  60  92  55  7  64  16  77  84  50  9  28  95  95  72  18  83  30  2  43  18  60  79  14  25  99  15  61  90  81  87  39  83  61  2  44  38  71  61  68  35  58  1  50  28  92  71  
38  88  68  54  17  6  82  63  69  65  43  35  17  7  56  25  89  68  64  33  20  64  30  34  42  90  72  62  74  13  95  6  99  41  58  10  46  95  22  51  34  72  9  85  20  59  77  69  53  1  77  15  47  6  54  92  93  95  85  71  38  84  13  22  31  67  29  75  23  89  33  100  77  63  50  61  11  38  43  18  22  33  39  60  29  67  64  29  34  84  53  86  69  24  43  65  41  58  98  93  47  48  1  61  100  41  44  95  78  1  24  60  32  41  35  24  84  61  23  22  9  94  9  73  94  31  84  49  79  98  
57  42  81  57  79  76  38  56  88  21  47  82  85  7  58  45  48  45  30  4  84  10  45  80  69  9  7  49  26  57  70  59  69  47  63  48  99  79  56  85  93  5  76  28  40  74  90  59  87  12  93  53  24  78  55  26  97  38  87  17  5  46  90  20  86  37  84  37  88  47  6  2  90  54  59  12  88  11  40  70  24  14  34  96  81  75  7  46  42  79  63  70  69  75  60  77  28  25  47  65  79  56  71  89  49  9  30  12  90  10  66  69  20  63  2  15  85  99  44  30  77  16  100  1  5  43  28  12  77  54  
88  53  15  48  82  41  70  94  68  46  23  3  31  40  18  62  92  95  86  37  54  10  35  84  47  19  5  47  78  62  67  91  43  33  52  14  38  95  43  55  10  100  23  71  60  75  96  37  57  60  75  26  31  90  28  20  100  35  69  20  80  13  82  67  92  90  17  68  89  20  69  1  50  41  75  69  40  43  2  39  14  63  9  11  37  30  48  8  29  76  22  61  84  96  60  25  16  18  3  31  57  9  71  20  80  50  2  40  99  53  11  73  88  70  44  67  29  16  80  5  66  31  43  64  71  62  25  79  20  95  
74  83  29  66  82  87  48  13  54  44  26  67  69  96  21  95  52  7  50  69  82  92  98  62  95  71  59  61  91  52  51  90  82  20  7  21  16  11  49  49  15  5  93  51  7  93  33  50  14  61  31  14  32  85  50  82  40  76  91  2  42  9  13  99  70  9  88  88  63  43  89  80  28  11  81  59  52  62  13  78  96  59  43  67  3  41  62  53  48  41  99  25  92  13  31  70  88  94  75  58  69  74  10  5  13  19  37  37  87  37  60  4  44  36  83  7  28  42  51  68  30  84  67  87  70  61  37  32  99  12  
44  21  8  29  85  1  64  26  73  81  18  93  41  80  62  56  18  14  25  26  48  93  38  92  16  27  97  45  48  4  58  72  75  95  53  85  49  33  45  70  56  5  4  23  22  75  80  58  1  9  26  15  38  9  90  94  23  66  15  48  3  36  78  17  38  72  51  92  50  10  13  6  21  98  53  54  56  88  90  21  80  9  38  100  80  67  40  46  46  28  82  14  68  86  25  91  7  17  32  21  96  67  10  94  89  51  3  68  51  35  3  83  13  22  33  59  59  23  39  67  59  79  9  93  8  20  61  21  14  26  
82  33  74  74  79  76  57  99  63  34  95  78  97  79  46  3  83  57  1  72  29  85  62  57  51  85  1  94  39  69  59  84  22  8  30  50  39  85  34  73  87  69  58  61  15  1  94  74  10  44  47  24  10  43  55  1  10  76  67  37  64  88  64  12  20  5  64  90  95  12  27  45  83  61  8  75  86  67  4  45  29  76  93  83  23  19  36  18  14  100  19  16  52  45  41  6  26  20  33  100  75  30  40  81  78  7  26  85  78  45  71  44  39  62  12  80  4  87  76  34  52  42  87  19  26  68  25  28  47  8  
41  71  30  53  44  52  27  29  61  11  49  32  76  87  21  86  65  71  54  17  46  29  68  86  89  69  16  50  68  37  49  15  82  39  10  23  80  90  87  67  54  67  10  42  79  21  81  38  38  47  47  75  100  25  15  35  43  18  60  87  93  81  33  66  91  34  46  20  8  31  76  29  24  30  5  1  5  59  34  8  87  57  3  76  43  95  21  43  42  98  63  13  12  89  14  82  57  21  8  44  68  66  25  88  43  85  40  90  25  7  98  89  25  37  33  90  55  78  20  56  12  40  26  1  48  65  29  72  53  68  
61  72  83  10  97  58  97  83  31  8  94  34  68  47  9  51  42  46  14  56  97  94  9  61  44  11  49  34  100  84  61  86  26  92  61  10  20  60  53  100  95  75  45  30  75  55  32  29  23  42  29  53  14  10  65  65  4  5  99  95  41  85  48  68  86  25  39  63  69  39  91  1  70  44  52  79  71  44  9  84  91  27  59  39  19  44  20  95  46  13  94  92  2  81  20  37  13  13  46  17  23  61  51  71  78  54  56  41  99  89  71  4  9  96  20  18  11  64  59  48  63  65  100  69  58  92  37  46  8  18  
58  92  18  39  44  98  59  65  61  37  64  10  69  99  46  50  15  78  27  3  28  1  87  10  31  53  83  54  42  57  32  45  4  55  85  57  20  4  88  99  65  76  61  84  74  20  47  31  99  90  75  46  5  46  59  73  86  3  94  63  44  1  34  46  33  87  21  11  99  84  51  96  24  27  17  70  43  75  1  29  86  79  61  14  85  24  100  21  2  87  64  25  40  27  47  94  86  6  80  43  72  33  13  36  39  11  57  23  7  24  88  96  49  35  19  9  16  44  1  34  63  69  38  12  44  56  96  9  73  10  
14  97  58  99  18  89  14  42  85  80  93  78  13  16  1  83  89  71  39  8  60  29  3  98  82  47  79  95  18  40  10  43  22  71  76  29  55  70  69  33  10  84  1  67  19  97  99  13  47  24  23  46  55  97  28  59  47  94  32  19  99  77  9  90  42  23  51  97  74  83  36  53  37  50  31  7  3  69  26  89  55  32  75  3  19  29  31  29  66  86  89  41  22  95  88  22  90  60  97  86  90  1  36  35  10  83  53  34  97  26  40  45  18  21  25  73  46  38  8  20  30  73  64  79  11  86  11  72  67  64  
6  9  60  48  27  43  56  19  28  8  91  63  20  15  51  34  83  36  74  96  75  95  30  33  90  22  87  98  83  79  4  61  46  35  20  32  62  65  23  42  34  41  35  57  8  82  21  48  71  6  24  41  72  59  78  18  27  85  99  57  41  74  20  49  15  41  37  71  45  33  37  59  92  9  49  76  73  55  47  48  96  90  10  14  61  92  87  37  80  86  76  9  81  86  49  53  29  19  97  54  95  35  97  68  57  76  30  10  75  37  84  24  62  40  36  31  30  64  28  38  93  82  16  60  42  3  43  41  74  32  
33  55  64  94  67  33  93  13  20  19  73  83  69  66  94  14  13  65  25  73  71  84  75  89  100  99  98  27  83  45  52  14  11  72  54  54  56  66  4  31  96  55  61  49  57  21  42  18  74  75  47  17  89  67  36  63  25  11  5  97  36  28  99  10  32  11  54  16  96  64  72  14  8  63  73  50  82  53  38  10  22  88  43  98  64  18  71  100  69  81  86  33  77  91  29  68  51  76  13  58  39  36  21  90  73  100  72  3  95  62  66  30  4  22  54  49  46  30  63  66  64  42  43  29  5  34  46  84  40  58  
22  38  87  90  53  33  14  55  95  66  80  15  54  67  51  77  18  55  32  73  18  66  6  77  58  62  22  49  94  90  24  69  48  36  60  55  30  86  94  57  5  25  47  28  69  79  3  56  61  22  95  92  32  85  35  13  28  7  76  38  23  2  84  42  98  86  30  62  90  65  40  72  3  95  90  84  69  48  42  30  84  94  45  4  9  4  18  94  27  51  97  21  75  42  32  36  98  52  88  2  5  68  34  10  72  32  79  91  24  28  54  95  98  46  18  65  14  37  32  2  83  91  60  41  84  53  62  25  55  35  
